## Logs: seed = 11
## Logs: Jxy = 0.0
## Logs: Jz = -1.0
## Logs: hx = 1.55
## Logs: tau = 0.0128
## Logs: tau_step = 0
## Logs: tau_full = 0.01
## Logs: tau_full_step = 0
## Logs: second_ST = True
## Logs: initial_type = -1
## Logs: input_file = input_Tn.npz
## Logs: output_file = output
### CTM: count to convergence, sig_max =  7 3.034928774668904e-07
## np.allclose(T0123h,T0123h.T,rtol=1e-6,atol=1e-6) True
## eigenvalues of T0123h abs 1.028461695062822 0.19151956905515477 0.15842888807904343 0.11559968782640553 0.07517582492850174 0.04549112176811642 0.028923901473770747 0.028664529581298472 0.01721275290021614 0.017051511505141864 0.009618044775308005 0.009387630652358796 0.008796578227635271 0.007809272888330412 0.006637578860346855 0.005395402836310482 0.004881553647487655 0.003627324165161773 0.0033939745688283014 0.0019552177319547156 0.001538889513984503 0.0013680916769930928 0.0013444555142798178 0.0009141859690110513 0.000826349377338889 0.000821771136161608 0.0007559350420672299 0.000726029342473262 0.0007167446133009924 0.0007078842531790271 0.0005525724427855552 0.0004803827294112131 0.0003410828813404842 0.000307275506430476 0.00030297369279597093 0.00028099581915417936 0.00015722573010838734 0.00012385581394761197 8.563355814406298e-05 8.534734614474124e-05 7.799529128047888e-05 7.7230552381131e-05 6.450100740041998e-05 6.336844645795937e-05 6.235452441994914e-05 6.190074257728059e-05 6.088975370336664e-05 4.3469229690425236e-05 3.458806221362161e-05 3.1052743158936916e-05 2.4178425093386992e-05 1.8590559510855632e-05 6.826523152996989e-06 6.774639881043203e-06 6.743538707077958e-06 6.7175555117522025e-06 5.653697967276714e-06 4.42279965103131e-06 4.413859308739232e-06 3.5887509486275263e-06 7.513368124828461e-07 4.891869377595665e-07 4.880896260885248e-07 3.154405532926374e-07 0.0 0.0 0.0 0.0 0.0 0.0 0.0 0.0 0.0 0.0 0.0 0.0 0.0 0.0 0.0 0.0 0.0 0.0 0.0 0.0 0.0 0.0 0.0 0.0 0.0 0.0 0.0 0.0 0.0 0.0 0.0 0.0 0.0 0.0 0.0 0.0 0.0 0.0 0.0 0.0 0.0 0.0 0.0 0.0 0.0 0.0 0.0 0.0 0.0 0.0 0.0 0.0 0.0 0.0 0.0 0.0 0.0 0.0 0.0 0.0 0.0 0.0 0.0 0.0 0.0 0.0 0.0 0.0 0.0 0.0 0.0 0.0 0.0 0.0 0.0 0.0 0.0 0.0 0.0 0.0 0.0 0.0 0.0 0.0 0.0 0.0 0.0 0.0 0.0 0.0 0.0 0.0 0.0 0.0 0.0 0.0 0.0 0.0 0.0 0.0 0.0 0.0 0.0 0.0 0.0 0.0 0.0 0.0 0.0 0.0 0.0 0.0 0.0 0.0 0.0 0.0 0.0 0.0 0.0 0.0 0.0 0.0 0.0 0.0 0.0 0.0 0.0 0.0 0.0 0.0 0.0 0.0 0.0 0.0 0.0 0.0 0.0 0.0 0.0 0.0 0.0 0.0 0.0 0.0 0.0 0.0 0.0 0.0 0.0 0.0 0.0 0.0 0.0 0.0 0.0 0.0 0.0 0.0 0.0 0.0 0.0 0.0 0.0 0.0 0.0 0.0 0.0 0.0 0.0 0.0 0.0 0.0 0.0 0.0 0.0 0.0 0.0 0.0 0.0 0.0 0.0 0.0 0.0 0.0 0.0 0.0 0.0 0.0 0.0 0.0 0.0 0.0
## eigenvalues of T0123h real 1.028461695062822 0.19151956905515477 0.15842888807904343 0.11559968782640553 0.07517582492850174 0.04549112176811642 0.028923901473770747 0.028664529581298472 0.01721275290021614 0.017051511505141864 0.009618044775308005 0.009387630652358796 0.008796578227635271 0.007809272888330412 0.006637578860346855 0.005395402836310482 0.004881553647487655 0.003627324165161773 0.0033939745688283014 0.0019552177319547156 0.001538889513984503 0.0013680916769930928 0.0013444555142798178 0.0009141859690110513 0.000826349377338889 0.000821771136161608 0.0007559350420672299 0.000726029342473262 0.0007167446133009924 0.0007078842531790271 0.0005525724427855552 0.0004803827294112131 0.0003410828813404842 0.000307275506430476 0.00030297369279597093 0.00028099581915417936 0.00015722573010838734 0.00012385581394761197 8.563355814406298e-05 8.534734614474124e-05 7.799529128047888e-05 7.7230552381131e-05 6.450100740041998e-05 6.336844645795937e-05 6.235452441994914e-05 6.190074257728059e-05 6.088975370336664e-05 4.3469229690425236e-05 3.458806221362161e-05 3.1052743158936916e-05 2.4178425093386992e-05 1.8590559510855632e-05 6.826523152996989e-06 6.774639881043203e-06 6.743538707077958e-06 6.7175555117522025e-06 5.653697967276714e-06 4.42279965103131e-06 4.413859308739232e-06 3.5887509486275263e-06 7.513368124828461e-07 4.891869377595665e-07 4.880896260885248e-07 3.154405532926374e-07 0.0 0.0 0.0 0.0 0.0 0.0 0.0 0.0 0.0 0.0 0.0 0.0 0.0 0.0 0.0 0.0 0.0 0.0 0.0 0.0 0.0 0.0 0.0 0.0 0.0 0.0 0.0 0.0 0.0 0.0 0.0 0.0 0.0 0.0 0.0 0.0 0.0 0.0 0.0 0.0 0.0 0.0 0.0 0.0 0.0 0.0 0.0 0.0 0.0 0.0 0.0 0.0 0.0 0.0 0.0 0.0 0.0 0.0 0.0 0.0 0.0 0.0 0.0 0.0 0.0 0.0 0.0 0.0 0.0 0.0 0.0 0.0 0.0 0.0 0.0 0.0 0.0 0.0 0.0 0.0 0.0 0.0 0.0 0.0 0.0 0.0 0.0 0.0 0.0 0.0 0.0 0.0 0.0 0.0 0.0 0.0 0.0 0.0 0.0 0.0 0.0 0.0 0.0 0.0 0.0 0.0 0.0 0.0 0.0 0.0 0.0 0.0 0.0 0.0 0.0 0.0 0.0 0.0 0.0 0.0 0.0 0.0 0.0 0.0 0.0 0.0 0.0 0.0 0.0 0.0 0.0 0.0 0.0 0.0 0.0 0.0 0.0 0.0 0.0 0.0 0.0 0.0 0.0 0.0 0.0 0.0 0.0 0.0 0.0 0.0 0.0 0.0 0.0 0.0 0.0 0.0 0.0 0.0 0.0 0.0 0.0 0.0 0.0 0.0 0.0 0.0 0.0 0.0 0.0 0.0 0.0 0.0 0.0 0.0 0.0 0.0 0.0 0.0 0.0 0.0 0.0 0.0 0.0 0.0 0.0 0.0 0.0 0.0 0.0 0.0 0.0 0.0
## eigenvalues of T0123h imag 0.0 0.0 0.0 0.0 0.0 0.0 0.0 0.0 0.0 0.0 0.0 0.0 0.0 0.0 0.0 0.0 0.0 0.0 0.0 0.0 0.0 0.0 0.0 0.0 0.0 0.0 0.0 0.0 0.0 0.0 0.0 0.0 0.0 0.0 0.0 0.0 0.0 0.0 0.0 0.0 0.0 0.0 0.0 0.0 0.0 0.0 0.0 0.0 0.0 0.0 0.0 0.0 0.0 0.0 0.0 0.0 0.0 0.0 0.0 0.0 0.0 0.0 0.0 0.0 0.0 0.0 0.0 0.0 0.0 0.0 0.0 0.0 0.0 0.0 0.0 0.0 0.0 0.0 0.0 0.0 0.0 0.0 0.0 0.0 0.0 0.0 0.0 0.0 0.0 0.0 0.0 0.0 0.0 0.0 0.0 0.0 0.0 0.0 0.0 0.0 0.0 0.0 0.0 0.0 0.0 0.0 0.0 0.0 0.0 0.0 0.0 0.0 0.0 0.0 0.0 0.0 0.0 0.0 0.0 0.0 0.0 0.0 0.0 0.0 0.0 0.0 0.0 0.0 0.0 0.0 0.0 0.0 0.0 0.0 0.0 0.0 0.0 0.0 0.0 0.0 0.0 0.0 0.0 0.0 0.0 0.0 0.0 0.0 0.0 0.0 0.0 0.0 0.0 0.0 0.0 0.0 0.0 0.0 0.0 0.0 0.0 0.0 0.0 0.0 0.0 0.0 0.0 0.0 0.0 0.0 0.0 0.0 0.0 0.0 0.0 0.0 0.0 0.0 0.0 0.0 0.0 0.0 0.0 0.0 0.0 0.0 0.0 0.0 0.0 0.0 0.0 0.0 0.0 0.0 0.0 0.0 0.0 0.0 0.0 0.0 0.0 0.0 0.0 0.0 0.0 0.0 0.0 0.0 0.0 0.0 0.0 0.0 0.0 0.0 0.0 0.0 0.0 0.0 0.0 0.0 0.0 0.0 0.0 0.0 0.0 0.0 0.0 0.0 0.0 0.0 0.0 0.0 0.0 0.0 0.0 0.0 0.0 0.0 0.0 0.0 0.0 0.0 0.0 0.0 0.0 0.0 0.0 0.0 0.0 0.0 0.0 0.0 0.0 0.0 0.0 0.0
## eigenvalues of T0123h imag max 0.0
## np.allclose(T0123v,T0123v.T,rtol=1e-6,atol=1e-6) True
## eigenvalues of T0123v abs 1.0284595145319213 0.19151187254605437 0.15842168071027446 0.11559325874890926 0.07517039846713543 0.04548676969371907 0.028920410896801967 0.02866210727177558 0.017211027788905615 0.017049751103810497 0.009616794398876994 0.009382613464077792 0.008795443107147307 0.007808251147434108 0.006633351276855069 0.005394539559182089 0.00488076196920337 0.003626670432320442 0.0033934073244674397 0.0019549027977632935 0.001538541465196795 0.0013672605477305102 0.0013436419947138194 0.0009140024054359793 0.0008257891731443789 0.0008212212045245206 0.0007557816729081467 0.0007255589186846446 0.0007165996145411458 0.0007074212838499842 0.0005522350217701017 0.00048012029754690547 0.0003409956223510507 0.00030706370593883636 0.0003027648982993006 0.0002809211930342379 0.00015712146694450783 0.00012376467577779614 8.558025660181707e-05 8.529438600317692e-05 7.793911966132097e-05 7.717458122547892e-05 6.445555126612645e-05 6.332252532166494e-05 6.230921417690224e-05 6.184827041826613e-05 6.085807274294312e-05 4.3438975886395775e-05 3.456224850001837e-05 3.102867195818168e-05 2.416095560679109e-05 1.857824728466665e-05 6.818162171589993e-06 6.7663762665539776e-06 6.738142646826375e-06 6.712182134172963e-06 5.647454001337487e-06 4.419534942235862e-06 4.41060004836128e-06 3.5842106330058334e-06 7.503736732975929e-07 4.885754335712347e-07 4.874799465943378e-07 3.15060172434864e-07 0.0 0.0 0.0 0.0 0.0 0.0 0.0 0.0 0.0 0.0 0.0 0.0 0.0 0.0 0.0 0.0 0.0 0.0 0.0 0.0 0.0 0.0 0.0 0.0 0.0 0.0 0.0 0.0 0.0 0.0 0.0 0.0 0.0 0.0 0.0 0.0 0.0 0.0 0.0 0.0 0.0 0.0 0.0 0.0 0.0 0.0 0.0 0.0 0.0 0.0 0.0 0.0 0.0 0.0 0.0 0.0 0.0 0.0 0.0 0.0 0.0 0.0 0.0 0.0 0.0 0.0 0.0 0.0 0.0 0.0 0.0 0.0 0.0 0.0 0.0 0.0 0.0 0.0 0.0 0.0 0.0 0.0 0.0 0.0 0.0 0.0 0.0 0.0 0.0 0.0 0.0 0.0 0.0 0.0 0.0 0.0 0.0 0.0 0.0 0.0 0.0 0.0 0.0 0.0 0.0 0.0 0.0 0.0 0.0 0.0 0.0 0.0 0.0 0.0 0.0 0.0 0.0 0.0 0.0 0.0 0.0 0.0 0.0 0.0 0.0 0.0 0.0 0.0 0.0 0.0 0.0 0.0 0.0 0.0 0.0 0.0 0.0 0.0 0.0 0.0 0.0 0.0 0.0 0.0 0.0 0.0 0.0 0.0 0.0 0.0 0.0 0.0 0.0 0.0 0.0 0.0 0.0 0.0 0.0 0.0 0.0 0.0 0.0 0.0 0.0 0.0 0.0 0.0 0.0 0.0 0.0 0.0 0.0 0.0 0.0 0.0 0.0 0.0 0.0 0.0 0.0 0.0 0.0 0.0 0.0 0.0 0.0 0.0 0.0 0.0 0.0 0.0
## eigenvalues of T0123v real 1.0284595145319213 0.19151187254605437 0.15842168071027446 0.11559325874890926 0.07517039846713543 0.04548676969371907 0.028920410896801967 0.02866210727177558 0.017211027788905615 0.017049751103810497 0.009616794398876994 0.009382613464077792 0.008795443107147307 0.007808251147434108 0.006633351276855069 0.005394539559182089 0.00488076196920337 0.003626670432320442 0.0033934073244674397 0.0019549027977632935 0.001538541465196795 0.0013672605477305102 0.0013436419947138194 0.0009140024054359793 0.0008257891731443789 0.0008212212045245206 0.0007557816729081467 0.0007255589186846446 0.0007165996145411458 0.0007074212838499842 0.0005522350217701017 0.00048012029754690547 0.0003409956223510507 0.00030706370593883636 0.0003027648982993006 0.0002809211930342379 0.00015712146694450783 0.00012376467577779614 8.558025660181707e-05 8.529438600317692e-05 7.793911966132097e-05 7.717458122547892e-05 6.445555126612645e-05 6.332252532166494e-05 6.230921417690224e-05 6.184827041826613e-05 6.085807274294312e-05 4.3438975886395775e-05 3.456224850001837e-05 3.102867195818168e-05 2.416095560679109e-05 1.857824728466665e-05 6.818162171589993e-06 6.7663762665539776e-06 6.738142646826375e-06 6.712182134172963e-06 5.647454001337487e-06 4.419534942235862e-06 4.41060004836128e-06 3.5842106330058334e-06 7.503736732975929e-07 4.885754335712347e-07 4.874799465943378e-07 3.15060172434864e-07 0.0 0.0 0.0 0.0 0.0 0.0 0.0 0.0 0.0 0.0 0.0 0.0 0.0 0.0 0.0 0.0 0.0 0.0 0.0 0.0 0.0 0.0 0.0 0.0 0.0 0.0 0.0 0.0 0.0 0.0 0.0 0.0 0.0 0.0 0.0 0.0 0.0 0.0 0.0 0.0 0.0 0.0 0.0 0.0 0.0 0.0 0.0 0.0 0.0 0.0 0.0 0.0 0.0 0.0 0.0 0.0 0.0 0.0 0.0 0.0 0.0 0.0 0.0 0.0 0.0 0.0 0.0 0.0 0.0 0.0 0.0 0.0 0.0 0.0 0.0 0.0 0.0 0.0 0.0 0.0 0.0 0.0 0.0 0.0 0.0 0.0 0.0 0.0 0.0 0.0 0.0 0.0 0.0 0.0 0.0 0.0 0.0 0.0 0.0 0.0 0.0 0.0 0.0 0.0 0.0 0.0 0.0 0.0 0.0 0.0 0.0 0.0 0.0 0.0 0.0 0.0 0.0 0.0 0.0 0.0 0.0 0.0 0.0 0.0 0.0 0.0 0.0 0.0 0.0 0.0 0.0 0.0 0.0 0.0 0.0 0.0 0.0 0.0 0.0 0.0 0.0 0.0 0.0 0.0 0.0 0.0 0.0 0.0 0.0 0.0 0.0 0.0 0.0 0.0 0.0 0.0 0.0 0.0 0.0 0.0 0.0 0.0 0.0 0.0 0.0 0.0 0.0 0.0 0.0 0.0 0.0 0.0 0.0 0.0 0.0 0.0 0.0 0.0 0.0 0.0 0.0 0.0 0.0 0.0 0.0 0.0 0.0 0.0 0.0 0.0 0.0 0.0
## eigenvalues of T0123v imag 0.0 0.0 0.0 0.0 0.0 0.0 0.0 0.0 0.0 0.0 0.0 0.0 0.0 0.0 0.0 0.0 0.0 0.0 0.0 0.0 0.0 0.0 0.0 0.0 0.0 0.0 0.0 0.0 0.0 0.0 0.0 0.0 0.0 0.0 0.0 0.0 0.0 0.0 0.0 0.0 0.0 0.0 0.0 0.0 0.0 0.0 0.0 0.0 0.0 0.0 0.0 0.0 0.0 0.0 0.0 0.0 0.0 0.0 0.0 0.0 0.0 0.0 0.0 0.0 0.0 0.0 0.0 0.0 0.0 0.0 0.0 0.0 0.0 0.0 0.0 0.0 0.0 0.0 0.0 0.0 0.0 0.0 0.0 0.0 0.0 0.0 0.0 0.0 0.0 0.0 0.0 0.0 0.0 0.0 0.0 0.0 0.0 0.0 0.0 0.0 0.0 0.0 0.0 0.0 0.0 0.0 0.0 0.0 0.0 0.0 0.0 0.0 0.0 0.0 0.0 0.0 0.0 0.0 0.0 0.0 0.0 0.0 0.0 0.0 0.0 0.0 0.0 0.0 0.0 0.0 0.0 0.0 0.0 0.0 0.0 0.0 0.0 0.0 0.0 0.0 0.0 0.0 0.0 0.0 0.0 0.0 0.0 0.0 0.0 0.0 0.0 0.0 0.0 0.0 0.0 0.0 0.0 0.0 0.0 0.0 0.0 0.0 0.0 0.0 0.0 0.0 0.0 0.0 0.0 0.0 0.0 0.0 0.0 0.0 0.0 0.0 0.0 0.0 0.0 0.0 0.0 0.0 0.0 0.0 0.0 0.0 0.0 0.0 0.0 0.0 0.0 0.0 0.0 0.0 0.0 0.0 0.0 0.0 0.0 0.0 0.0 0.0 0.0 0.0 0.0 0.0 0.0 0.0 0.0 0.0 0.0 0.0 0.0 0.0 0.0 0.0 0.0 0.0 0.0 0.0 0.0 0.0 0.0 0.0 0.0 0.0 0.0 0.0 0.0 0.0 0.0 0.0 0.0 0.0 0.0 0.0 0.0 0.0 0.0 0.0 0.0 0.0 0.0 0.0 0.0 0.0 0.0 0.0 0.0 0.0 0.0 0.0 0.0 0.0 0.0 0.0
## eigenvalues of T0123v imag max 0.0
## hx,i,norm,mx,my,mz,sqrt(sum m^2)  1.55 0 (1.0407539487135162+0j) 0.4611776504341494 0.0 -0.05569409260375509 0.46452842454570864
## hx,i,norm,mx,my,mz,sqrt(sum m^2)  1.55 1 (1.040753948713515+0j) 0.4611776504341503 0.0 -0.05569409260375417 0.4645284245457095
## hx,num,norm_x,norm_y,xx[0],xx[1],yy[0],yy[1],zz[0],zz[1]  1.55 0 (1.0611409666098932+0j) (1.0611393717194504+0j) 0.22020407901713418 0.2202060052009836 -0.03502474272394219 -0.03503061713110781 0.05299234147442949 0.05299738489132707
## hx,num,norm_x,norm_y,xx[0],xx[1],yy[0],yy[1],zz[0],zz[1]  1.55 1 (1.061140359356015+0j) (1.0611397044288302+0j) 0.22020453600333098 0.22020508607756797 -0.03502608532087812 -0.03502793866289793 0.05299360995390112 0.05299486422481585
1.55 -0.820814458445169 0.4645284245457091 -0.05299297571416531 -0.052996124558071456
## hx,mx,mz0mz1 1.55 0.4611776504341498 0.05299455013611838
## time simple update= 1.90734863281e-06
## time full update= 0.0
## time environment= 0.21626996994
## time observable= 0.0119540691376
