## Logs: seed = 11
## Logs: Jxy = 0.0
## Logs: Jz = -1.0
## Logs: hx = 1.55
## Logs: tau = 0.0032
## Logs: tau_step = 100
## Logs: tau_full = 0.01
## Logs: tau_full_step = 0
## Logs: second_ST = True
## Logs: initial_type = -1
## Logs: input_file = input_Tn.npz
## Logs: output_file = output
### CTM: count to convergence, sig_max =  7 3.034928780928291e-07
## np.allclose(T0123h,T0123h.T,rtol=1e-6,atol=1e-6) True
## eigenvalues of T0123h abs 1.028461695062823 0.19151956905515496 0.15842888807904212 0.11559968782640148 0.0751758249284967 0.045491121768113436 0.028923901473769942 0.02866452958129839 0.017212752900215608 0.01705151150514107 0.009618044775307373 0.009387630652358793 0.00879657822763434 0.007809272888330067 0.006637578860346868 0.005395402836310358 0.004881553647487382 0.0036273241651614105 0.003393974568828064 0.0019552177319546995 0.0015388895139843593 0.0013680916769930988 0.0013444555142798145 0.0009141859690110037 0.0008263493773389114 0.0008217711361616164 0.0007559350420671829 0.0007260293424732254 0.0007167446133009707 0.0007078842531790073 0.0005525724427855596 0.00048038272941120923 0.0003410828813404642 0.0003072755064304608 0.0003029736927959573 0.00028099581915416657 0.0001572257301083929 0.00012385581394761558 8.563355814406105e-05 8.534734614473957e-05 7.799529128047785e-05 7.723055238113029e-05 6.450100740041828e-05 6.336844645795916e-05 6.235452441994874e-05 6.190074257727985e-05 6.0889753703366e-05 4.346922969042193e-05 3.4588062213621124e-05 3.105274315893659e-05 2.4178425093385793e-05 1.8590559510854883e-05 6.826523152997294e-06 6.774639881043509e-06 6.743538707078193e-06 6.71755551175246e-06 5.65369796727673e-06 4.422799651031225e-06 4.4138593087393916e-06 3.588750948627455e-06 7.513368124829939e-07 4.891869377595996e-07 4.880896260885604e-07 3.154405532912481e-07
## eigenvalues of T0123h real 1.028461695062823 0.19151956905515496 0.15842888807904212 0.11559968782640148 0.0751758249284967 0.045491121768113436 0.028923901473769942 0.02866452958129839 0.017212752900215608 0.01705151150514107 0.009618044775307373 0.009387630652358793 0.00879657822763434 0.007809272888330067 0.006637578860346868 0.005395402836310358 0.004881553647487382 0.0036273241651614105 0.003393974568828064 0.0019552177319546995 0.0015388895139843593 0.0013680916769930988 0.0013444555142798145 0.0009141859690110037 0.0008263493773389114 0.0008217711361616164 0.0007559350420671829 0.0007260293424732254 0.0007167446133009707 0.0007078842531790073 0.0005525724427855596 0.00048038272941120923 0.0003410828813404642 0.0003072755064304608 0.0003029736927959573 0.00028099581915416657 0.0001572257301083929 0.00012385581394761558 8.563355814406105e-05 8.534734614473957e-05 7.799529128047785e-05 7.723055238113029e-05 6.450100740041828e-05 6.336844645795916e-05 6.235452441994874e-05 6.190074257727985e-05 6.0889753703366e-05 4.346922969042193e-05 3.4588062213621124e-05 3.105274315893659e-05 2.4178425093385793e-05 1.8590559510854883e-05 6.826523152997294e-06 6.774639881043509e-06 6.743538707078193e-06 6.71755551175246e-06 5.65369796727673e-06 4.422799651031225e-06 4.4138593087393916e-06 3.588750948627455e-06 7.513368124829939e-07 4.891869377595996e-07 4.880896260885604e-07 3.154405532912481e-07
## eigenvalues of T0123h imag 0.0 0.0 0.0 0.0 0.0 0.0 0.0 0.0 0.0 0.0 0.0 0.0 0.0 0.0 0.0 0.0 0.0 0.0 0.0 0.0 0.0 0.0 0.0 0.0 0.0 0.0 0.0 0.0 0.0 0.0 0.0 0.0 0.0 0.0 0.0 0.0 0.0 0.0 0.0 0.0 0.0 0.0 0.0 0.0 0.0 0.0 0.0 0.0 0.0 0.0 0.0 0.0 0.0 0.0 0.0 0.0 0.0 0.0 0.0 0.0 0.0 0.0 0.0 0.0
## eigenvalues of T0123h imag max 0.0
## np.allclose(T0123v,T0123v.T,rtol=1e-6,atol=1e-6) True
## eigenvalues of T0123v abs 1.028459514531927 0.19151187254605528 0.15842168071027782 0.11559325874891464 0.0751703984671403 0.04548676969372205 0.028920410896802626 0.02866210727177622 0.01721102778890638 0.017049751103811496 0.009616794398877497 0.009382613464077824 0.008795443107148233 0.0078082511474344505 0.006633351276855087 0.005394539559182215 0.004880761969203625 0.0036266704323208217 0.0033934073244676864 0.0019549027977632883 0.0015385414651969311 0.0013672605477304837 0.0013436419947138068 0.0009140024054360067 0.0008257891731441824 0.0008212212045243779 0.0007557816729081819 0.000725558918684684 0.0007165996145411527 0.000707421283849985 0.0005522350217701063 0.0004801202975469051 0.0003409956223510609 0.0003070637059388508 0.000302764898299313 0.000280921193034246 0.0001571214669444684 0.00012376467577776635 8.558025660181749e-05 8.529438600317823e-05 7.793911966130513e-05 7.717458122546242e-05 6.445555126613091e-05 6.33225253216643e-05 6.230921417690125e-05 6.184827041826868e-05 6.085807274294384e-05 4.343897588639889e-05 3.456224850001124e-05 3.102867195817494e-05 2.4160955606792453e-05 1.857824728466713e-05 6.818162171588419e-06 6.766376266552314e-06 6.738142646824593e-06 6.712182134171175e-06 5.647454001337561e-06 4.419534942235852e-06 4.4106000483613755e-06 3.5842106330058994e-06 7.503736732973585e-07 4.885754335711038e-07 4.874799465942362e-07 3.150601724346391e-07
## eigenvalues of T0123v real 1.028459514531927 0.19151187254605528 0.15842168071027782 0.11559325874891464 0.0751703984671403 0.04548676969372205 0.028920410896802626 0.02866210727177622 0.01721102778890638 0.017049751103811496 0.009616794398877497 0.009382613464077824 0.008795443107148233 0.0078082511474344505 0.006633351276855087 0.005394539559182215 0.004880761969203625 0.0036266704323208217 0.0033934073244676864 0.0019549027977632883 0.0015385414651969311 0.0013672605477304837 0.0013436419947138068 0.0009140024054360067 0.0008257891731441824 0.0008212212045243779 0.0007557816729081819 0.000725558918684684 0.0007165996145411527 0.000707421283849985 0.0005522350217701063 0.0004801202975469051 0.0003409956223510609 0.0003070637059388508 0.000302764898299313 0.000280921193034246 0.0001571214669444684 0.00012376467577776635 8.558025660181749e-05 8.529438600317823e-05 7.793911966130513e-05 7.717458122546242e-05 6.445555126613091e-05 6.33225253216643e-05 6.230921417690125e-05 6.184827041826868e-05 6.085807274294384e-05 4.343897588639889e-05 3.456224850001124e-05 3.102867195817494e-05 2.4160955606792453e-05 1.857824728466713e-05 6.818162171588419e-06 6.766376266552314e-06 6.738142646824593e-06 6.712182134171175e-06 5.647454001337561e-06 4.419534942235852e-06 4.4106000483613755e-06 3.5842106330058994e-06 7.503736732973585e-07 4.885754335711038e-07 4.874799465942362e-07 3.150601724346391e-07
## eigenvalues of T0123v imag 0.0 0.0 0.0 0.0 0.0 0.0 0.0 0.0 0.0 0.0 0.0 0.0 0.0 0.0 0.0 0.0 0.0 0.0 0.0 0.0 0.0 0.0 0.0 0.0 0.0 0.0 0.0 0.0 0.0 0.0 0.0 0.0 0.0 0.0 0.0 0.0 0.0 0.0 0.0 0.0 0.0 0.0 0.0 0.0 0.0 0.0 0.0 0.0 0.0 0.0 0.0 0.0 0.0 0.0 0.0 0.0 0.0 0.0 0.0 0.0 0.0 0.0 0.0 0.0
## eigenvalues of T0123v imag max 0.0
## hx,i,norm,mx,my,mz,sqrt(sum m^2)  1.55 0 (1.0407539487135162+0j) 0.46117765043414943 0.0 -0.055694092603755005 0.4645284245457087
## hx,i,norm,mx,my,mz,sqrt(sum m^2)  1.55 1 (1.0407539487135156+0j) 0.4611776504341504 0.0 -0.055694092603754033 0.46452842454570953
## hx,num,norm_x,norm_y,xx[0],xx[1],yy[0],yy[1],zz[0],zz[1]  1.55 0 (1.0611409666098934+0j) (1.0611393717194502+0j) 0.22020407901713424 0.2202060052009836 -0.035024742723942175 -0.035030617131107826 0.05299234147442945 0.05299738489132705
## hx,num,norm_x,norm_y,xx[0],xx[1],yy[0],yy[1],zz[0],zz[1]  1.55 1 (1.0611403593560143+0j) (1.0611397044288298+0j) 0.22020453600333095 0.22020508607756806 -0.03502608532087814 -0.03502793866289795 0.05299360995390113 0.05299486422481586
1.55 -0.8208144584451692 0.4645284245457091 -0.052992975714165294 -0.052996124558071456
## hx,mx,mz0mz1 1.55 0.46117765043414993 0.052994550136118375
## time simple update= 0.482373952866
## time full update= 1.90734863281e-06
## time environment= 0.157562971115
## time observable= 0.00918197631836
