## Logs: seed = 11
## Logs: Jxy = 0.0
## Logs: Jz = -1.0
## Logs: hx = 1.55
## Logs: tau = 0.0128
## Logs: tau_step = 0
## Logs: tau_full = 0.01
## Logs: tau_full_step = 0
## Logs: second_ST = True
## Logs: initial_type = -1
## Logs: input_file = input_Tn.npz
## Logs: output_file = output
### CTM: count to convergence, sig_max =  8 3.584257798960703e-07
## np.allclose(T0123h,T0123h.T,rtol=1e-6,atol=1e-6) False
## eigenvalues of T0123h abs 1.0627593226778553 0.41177318859165346 0.33568339830488364 0.23686723279230498 0.14341391348296176 0.12802020215778068 0.1268538649588057 0.08982838526096551 0.07546441282659176 0.07543436391362741 0.07514019390561785 0.05216533205497853 0.039073934137276105 0.03895941160967996 0.037150008372770944 0.037129094169665956 0.03705592423053578 0.03193363600168593 0.02869043159810268 0.022037483750386472 0.020790927184158096 0.020787237866530032 0.01950878151574976 0.018867558858161812 0.017888532444329152 0.01683130072982094 0.01615227191169692 0.015388660247254791 0.013291581211780317 0.011582198185071257 0.010907338588463832 0.010007787270851129 0.009832371775782382 0.009810965094635034 0.008516920642748829 0.00806702865397253 0.008004713415510796 0.0071671221539396125 0.007023657791471752 0.006870055249709346 0.006614196704848129 0.006564721416810258 0.00649317049219036 0.006220306813840722 0.006000837704883404 0.005650443847263246 0.00516884866680666 0.004882301451690107 0.0048760718699646195 0.004063713780757403 0.003958440500593145 0.0037603914498058793 0.003740606510873476 0.003608221308698507 0.003472452818738191 0.003372041227649776 0.0032422920455859095 0.003034363069730224 0.0029656592756755265 0.0029656082175766015 0.0024526548183322564 0.0024300925886989104 0.0023138926424848627 0.0022536991526610974 0.0021899436958623193 0.0021850873644031665 0.0020674561671640422 0.0019429618999617473 0.0019247747785222338 0.0018847505652558683 0.0018800411623707788 0.0018496037385843315 0.0017416872388567664 0.0016904207653965174 0.0016535972213918928 0.0016177414626446472 0.0015659495823788655 0.0015638015176268024 0.0014624788110661968 0.0014144819261225367 0.0013950379469517833 0.0013395641660306418 0.0012681744667928977 0.0012459630972316848 0.0011724730460884257 0.0011679512524147928 0.0011191975097375997 0.001108883796439194 0.0010634199553973254 0.001049002407115542 0.001001693939995041 0.0009314278062506469 0.0009301218909041715 0.0009050533467083896 0.0008959967102095292 0.0008320541929073941 0.0008250378269026713 0.000776547143770047 0.0007088219314297237 0.0006828282834792637 0.0006818441669244118 0.0006458761624334611 0.0006385479029820672 0.0006213773538106465 0.0006206406922555743 0.0005559128613182478 0.0005247868199670975 0.0005070144168805076 0.0005064445306413062 0.0005064393265133674 0.00048180357540057814 0.00047179616814490264 0.00047043620580363815 0.00046942127841817093 0.0004665265542228257 0.0004528632634397853 0.0004305223533053057 0.00042870496809271094 0.00041551261337384297 0.0004153907062036583 0.00040522180375210094 0.00040046533697155794 0.00038715325324445736 0.00037461711757530067 0.00037174317911079294 0.00034999337110843304 0.0003288742858740416 0.0003264751983594885 0.0003229338918047853 0.0003212298746831495 0.0003151912462214696 0.00029400785132080665 0.0002891933452825221 0.00027501120851401907 0.0002677052309158195 0.0002596612701036623 0.0002462102221245593 0.0002291369666794333 0.0002236957807778365 0.0002229370856904424 0.00021669115424710294 0.00021649471489677266 0.000211992142991603 0.00020997618568184377 0.00020784648863910284 0.00018953916727827732 0.00018315854496661716 0.00017472579953334077 0.00017282532988025526 0.0001658523347629783 0.00016313659503244094 0.00016050495759274732 0.00015805081303402988 0.00015796608292120853 0.0001522045681872425 0.0001507384749847185 0.0001436062813234477 0.00014036648446117778 0.00013686413093282968 0.000132861786891447 0.00013158648678303667 0.0001307153798099409 0.0001306219506034336 0.00012743400634713275 0.00012399007661116135 0.00012311133634515623 0.00012139325115114614 0.00011731976281103434 0.0001137900092685136 9.179616146007423e-05 9.081295688998475e-05 9.068396458322587e-05 8.901279273310379e-05 8.623617752659333e-05 8.121921198505154e-05 7.737469648626618e-05 7.734601414239632e-05 7.543664425842473e-05 7.215202660016608e-05 7.070029953842394e-05 6.852255298585541e-05 6.548176268991252e-05 6.512981356026411e-05 6.453063811898796e-05 6.255977468837668e-05 5.6224238417073995e-05 5.566380623628897e-05 5.469560109886531e-05 5.410333654460634e-05 5.218135688279339e-05 5.1644480368019155e-05 5.153860855111318e-05 5.085673359964536e-05 4.8324126011750364e-05 4.7954555938186676e-05 4.7464942505982485e-05 4.729887574381511e-05 4.652459291411946e-05 4.4700316434931456e-05 4.295818838494491e-05 4.134124453530744e-05 4.127976441732083e-05 3.9630687863428785e-05 3.937636542966665e-05 3.8839056395728974e-05 3.568601257615256e-05 3.521378403213226e-05 3.49193806813769e-05 3.3948525416047564e-05 3.384990315892565e-05 3.308425104153148e-05 3.297150197275382e-05 3.0856359351620384e-05 2.9317578018109695e-05 2.8873024067051042e-05 2.7779566376141265e-05 2.7503910596752743e-05 2.749498755253097e-05 2.675850043499021e-05 2.6687782978888638e-05 2.6086624412342348e-05 2.432170654586418e-05 2.3659752505062377e-05 2.276491334749593e-05 2.2758724027521176e-05 2.2755393303026406e-05 2.2543009681399716e-05 2.2331188664539215e-05 1.99692924860658e-05 1.7933199520069085e-05 1.7915137997076145e-05 1.782405233773593e-05 1.5718995055142102e-05 1.5698371813068403e-05 1.554448406356678e-05 1.5389870964961832e-05 1.5222652328019541e-05 1.3131041612836622e-05 1.2526198463556433e-05 1.0568694957965088e-05 1.0411075345747888e-05 1.0147280592576797e-05 9.440479601913963e-06 9.414956549239567e-06 9.052186163129948e-06 9.048181180640597e-06 8.770458518901688e-06 8.748613581512948e-06 8.623692667058307e-06 8.432083163043971e-06 8.340215729375088e-06 8.306195501156803e-06 7.790296162402418e-06 7.655456314784338e-06 7.460339527125907e-06 7.3656531611776595e-06 7.118567380181803e-06 7.101547160582005e-06 6.4419912501400956e-06 6.382077056470131e-06 5.644777220012024e-06 5.540589011757738e-06 5.468601227437078e-06 5.287353333005825e-06 5.134889510832881e-06 4.9431668316239025e-06 4.832663444458086e-06 4.709037924404641e-06 4.684003287080091e-06 4.665446692814784e-06 4.5993428685264244e-06 3.770368189760095e-06 3.759939477213244e-06 3.243626196175225e-06 3.2339674705173523e-06 3.1973134085972063e-06 3.166766258791538e-06 3.0389055648084863e-06 3.0202463818796377e-06 2.9017652961003783e-06 2.896090408064179e-06 2.150032046851344e-06 2.1087306902442123e-06 2.0676195447358066e-06 2.044684083257725e-06 1.95041003786618e-06 1.8924879176703736e-06 1.8907107794785143e-06 1.8305515609670856e-06 1.8244662492048315e-06 1.763026099653417e-06 1.261100264014929e-06 1.1745364938969809e-06 1.1682020464881363e-06 9.389156676876156e-07 9.247579580382239e-07 8.317179211137976e-07 7.945329831646767e-07 7.875774463505068e-07 6.767356548826807e-07 6.667700943374375e-07 6.66289249088383e-07 6.467840734125776e-07 5.985306559861261e-07 4.488508076502096e-07 4.0125231466696184e-07 3.5930529887647724e-07 3.588142355296144e-07 3.1998316933216555e-07 3.183752274965934e-07 2.911992918249439e-07 2.9026468032070165e-07 2.786298116906697e-07 1.9352871420071735e-07 1.933413009781318e-07 7.9146273779492e-08 7.909680331862863e-08 7.179520050353576e-08 5.9269086824990795e-08 4.1209989451380486e-08 4.0172510906309796e-08 2.7042324463425545e-08 2.6763664808271223e-08 2.433592389058122e-09
## eigenvalues of T0123h real 1.0627593226778553 0.41177318859165346 0.33568339830488364 0.23686723279230498 0.14341391348296176 0.12802020215778068 0.1268538649588057 0.08982838526096551 0.07546441282659176 0.07543436391362741 0.07514019390561785 0.05216533205497853 0.039073934137276105 0.03895941160967996 0.037150008372770944 0.037129094169665956 0.03705592423053578 0.03193363600168593 0.02869043159810268 0.022037483750386472 0.020790927184158096 0.020787237866530032 0.01950878151574976 0.018867558858161812 0.017888532444329152 0.01683130072982094 0.01615227191169692 0.015388660247254791 0.013291581211780317 0.011582198185071257 0.010907338588463832 0.010007787270851129 0.009832371775782382 0.009810965094635034 0.008516920642748829 0.00806702865397253 0.008004713415510796 0.0071671221539396125 0.007023657791471752 0.006870055249709346 0.006614196704848129 0.006564721416810258 0.00649317049219036 0.006220306813840722 0.006000837704883404 0.005650443847263246 0.00516884866680666 0.004882301451690107 0.0048760718699646195 0.004063713780757403 0.003958440500593145 0.0037603914498058793 0.003740606510873476 0.003608221308698507 0.003472452818738191 0.003372041227649776 0.0032422920455859095 0.003034363069730224 0.0029656592756755265 0.0029656082175766015 0.0024526548183322564 0.0024300925886989104 0.0023138926424848627 0.0022536991526610974 0.0021899436958623193 0.0021850873644031665 0.0020674561671640422 0.0019429618999617473 0.0019247747785222338 0.0018847505652558683 0.0018800411623707788 0.0018496037385843315 0.0017416872388567664 0.0016904207653965174 0.0016535972213918928 0.0016177414626446472 0.0015659495823788655 0.0015638015176268024 0.0014624788110661968 0.0014144819261225367 0.0013950379469517833 0.0013395641660306418 0.0012681744667928977 0.0012459630972316848 0.0011724730460884257 0.0011679512524147928 0.0011191975097375997 0.001108883796439194 0.0010634199553973254 0.001049002407115542 0.001001693939995041 0.0009314278062506469 0.0009301218909041715 0.0009050533467083896 0.0008959967102095292 0.0008320541929073941 0.0008250378269026713 0.000776547143770047 0.0007088219314297237 0.0006828282834792637 0.0006818441669244118 0.0006458761624334611 0.0006385479029820672 0.0006213773538106465 0.0006206406922555743 0.0005559128613182478 0.0005247868199670975 0.0005070144168805076 0.0005064445306413062 0.0005064393265133674 0.00048180357540057814 0.00047179616814490264 0.00047043620580363815 0.00046942127841817093 0.0004665265542228257 0.0004528632634397853 0.0004305223533053057 0.00042870496809271094 0.00041551261337384297 0.0004153907062036583 0.00040522180375210094 0.00040046533697155794 0.00038715325324445736 0.00037461711757530067 0.00037174317911079294 0.00034999337110843304 0.0003288742858740416 0.0003264751983594885 0.0003229338918047853 0.0003212298746831495 0.0003151912462214696 0.00029400785132080665 0.0002891933452825221 0.00027501120851401907 0.0002677052309158195 0.0002596612701036623 0.0002462102221245593 0.0002291369666794333 0.0002236957807778365 0.0002229370856904424 0.00021669115424710294 0.00021649471489677266 0.000211992142991603 0.00020997618568184377 0.00020784648863910284 0.00018953916727827732 0.00018315854496661716 0.00017472579953334077 0.00017282532988025526 0.0001658523347629783 0.00016313659503244094 0.00016050495759274732 0.00015805081303402988 0.00015796608292120853 0.0001522045681872425 0.0001507384749847185 0.0001436062813234477 0.00014036648446117778 0.00013686413093282968 0.000132861786891447 0.00013158648678303667 0.0001307153798099409 0.0001306219506034336 0.00012743400634713275 0.00012399007661116135 0.00012311133634515623 0.00012139325115114614 0.00011731976281103434 0.0001137900092685136 9.179616146007423e-05 9.081295688998475e-05 9.068396458322587e-05 8.901279273310379e-05 8.623617752659333e-05 8.121921198505154e-05 7.737469648626618e-05 7.734601414239632e-05 7.543664425842473e-05 7.215202660016608e-05 7.070029953842394e-05 6.852255298585541e-05 6.548176268991252e-05 6.512981356026411e-05 6.453063811898796e-05 6.255977468837668e-05 5.6224238417073995e-05 5.566380623628897e-05 5.469560109886531e-05 5.410333654460634e-05 5.218135688279339e-05 5.1644480368019155e-05 5.153860855111318e-05 5.085673359964536e-05 4.8324126011750364e-05 4.7954555938186676e-05 4.7464942505982485e-05 4.729887574381511e-05 4.652459291411946e-05 4.4700316434931456e-05 4.295818838494491e-05 4.134124453530744e-05 4.127976441732083e-05 3.9630687863428785e-05 3.937636542966665e-05 3.8839056395728974e-05 3.568601257615256e-05 3.521378403213226e-05 3.49193806813769e-05 3.3948525416047564e-05 3.384990315892565e-05 3.308425104153148e-05 3.297150197275382e-05 3.0856359351620384e-05 2.9317578018109695e-05 2.8873024067051042e-05 2.7779566376141265e-05 2.7503910596752743e-05 2.749498755253097e-05 2.675850043499021e-05 2.6687782978888638e-05 2.6086624412342348e-05 2.432170654586418e-05 2.3659752505062377e-05 2.276491334749593e-05 2.2758724027521176e-05 2.2755393303026406e-05 2.2543009681399716e-05 2.2331188664539215e-05 1.99692924860658e-05 1.7933199520069085e-05 1.7915137997076145e-05 1.782405233773593e-05 1.5718995055142102e-05 1.5698371813068403e-05 1.554448406356678e-05 1.5389870964961832e-05 1.5222652328019541e-05 1.3131041612836622e-05 1.2526198463556433e-05 1.0568694957965088e-05 1.0411075345747888e-05 1.0147280592576797e-05 9.440479601913963e-06 9.414956549239567e-06 9.052186163129948e-06 9.048181180640597e-06 8.770458518901688e-06 8.748613581512948e-06 8.623692667058307e-06 8.432083163043971e-06 8.340215729375088e-06 8.306195501156803e-06 7.790296162402418e-06 7.655456314784338e-06 7.460339527125907e-06 7.3656531611776595e-06 7.118567380181803e-06 7.101547160582005e-06 6.4419912501400956e-06 6.382077056470131e-06 5.644777220012024e-06 5.540589011757738e-06 5.468601227437078e-06 5.287353333005825e-06 5.134889510832881e-06 4.9431668316239025e-06 4.832663444458086e-06 4.709037924404641e-06 4.684003287080091e-06 4.665446692814784e-06 4.5993428685264244e-06 3.770368189760095e-06 3.759939477213244e-06 3.243626196175225e-06 3.2339674705173523e-06 3.1973134085972063e-06 3.166766258791538e-06 3.0389055648084863e-06 3.0202463818796377e-06 2.9017652961003783e-06 2.896090408064179e-06 2.150032046851344e-06 2.1087306902442123e-06 2.0676195447358066e-06 2.044684083257725e-06 1.95041003786618e-06 1.8924879176703736e-06 1.8907107794785143e-06 1.8305515609670856e-06 1.8244662492048315e-06 1.763026099653417e-06 1.261100264014929e-06 1.1745364938969809e-06 1.1682020464881363e-06 9.389156676876156e-07 9.247579580382239e-07 8.317179211137976e-07 7.945329831646767e-07 7.875774463505068e-07 6.767356548826807e-07 6.667700943374375e-07 6.66289249088383e-07 6.467840734125776e-07 5.985306559861261e-07 4.488508076502096e-07 4.0125231466696184e-07 3.5930529887647724e-07 3.588142355296144e-07 3.1998316933216555e-07 3.183752274965934e-07 2.911992918249439e-07 2.9026468032070165e-07 2.786298116906697e-07 1.9352871420071735e-07 1.933413009781318e-07 7.9146273779492e-08 7.909680331862863e-08 7.179520050353576e-08 5.9269086824990795e-08 4.1209989451380486e-08 4.0172510906309796e-08 2.7042324463425545e-08 2.6763664808271223e-08 2.433592389058122e-09
## eigenvalues of T0123h imag 0.0 0.0 0.0 0.0 0.0 0.0 0.0 0.0 0.0 0.0 0.0 0.0 0.0 0.0 0.0 0.0 0.0 0.0 0.0 0.0 0.0 0.0 0.0 0.0 0.0 0.0 0.0 0.0 0.0 0.0 0.0 0.0 0.0 0.0 0.0 0.0 0.0 0.0 0.0 0.0 0.0 0.0 0.0 0.0 0.0 0.0 0.0 0.0 0.0 0.0 0.0 0.0 0.0 0.0 0.0 0.0 0.0 0.0 0.0 0.0 0.0 0.0 0.0 0.0 0.0 0.0 0.0 0.0 0.0 0.0 0.0 0.0 0.0 0.0 0.0 0.0 0.0 0.0 0.0 0.0 0.0 0.0 0.0 0.0 0.0 0.0 0.0 0.0 0.0 0.0 0.0 0.0 0.0 0.0 0.0 0.0 0.0 0.0 0.0 0.0 0.0 0.0 0.0 0.0 0.0 0.0 0.0 0.0 0.0 0.0 0.0 0.0 0.0 0.0 0.0 0.0 0.0 0.0 0.0 0.0 0.0 0.0 0.0 0.0 0.0 0.0 0.0 0.0 0.0 0.0 0.0 0.0 0.0 0.0 0.0 0.0 0.0 0.0 0.0 0.0 0.0 0.0 0.0 0.0 0.0 0.0 0.0 0.0 0.0 0.0 0.0 0.0 0.0 0.0 0.0 0.0 0.0 0.0 0.0 0.0 0.0 0.0 0.0 0.0 0.0 0.0 0.0 0.0 0.0 0.0 0.0 0.0 0.0 0.0 0.0 0.0 0.0 0.0 0.0 0.0 0.0 0.0 0.0 0.0 0.0 0.0 0.0 0.0 0.0 0.0 0.0 0.0 0.0 0.0 0.0 0.0 0.0 0.0 0.0 0.0 0.0 0.0 0.0 0.0 0.0 0.0 0.0 0.0 0.0 0.0 0.0 0.0 0.0 0.0 0.0 0.0 0.0 0.0 0.0 0.0 0.0 0.0 0.0 0.0 0.0 0.0 0.0 0.0 0.0 0.0 0.0 0.0 0.0 0.0 0.0 0.0 0.0 0.0 0.0 0.0 0.0 0.0 0.0 0.0 0.0 0.0 0.0 0.0 0.0 0.0 0.0 0.0 0.0 0.0 0.0 0.0 0.0 0.0 0.0 0.0 0.0 0.0 0.0 0.0 0.0 0.0 0.0 0.0 0.0 0.0 0.0 0.0 0.0 0.0 0.0 0.0 0.0 0.0 0.0 0.0 0.0 0.0 0.0 0.0 0.0 0.0 0.0 0.0 0.0 0.0 0.0 0.0 0.0 0.0 0.0 0.0 0.0 0.0 0.0 0.0 0.0 0.0 0.0 0.0 0.0 0.0 0.0 0.0 0.0 0.0 0.0 0.0 0.0 0.0 0.0 0.0 0.0 0.0 0.0 0.0 0.0 0.0 0.0 0.0
## eigenvalues of T0123h imag max 0.0
## np.allclose(T0123v,T0123v.T,rtol=1e-6,atol=1e-6) False
## eigenvalues of T0123v abs 1.062761645849239 0.4117787617254697 0.3356894333289901 0.23687318328457738 0.14341887727955316 0.12802393083901173 0.1268601531824198 0.08983382418264678 0.07546746192235201 0.07543785744823443 0.07514304441755182 0.052169596496107765 0.03907596928170207 0.03896172563946531 0.03715210630276847 0.03713161792878987 0.03705845073033623 0.03193530967312092 0.028693655914331373 0.02204075497605108 0.02079252150394639 0.02078892669727422 0.019510408986349488 0.01886926550148439 0.017890163788327407 0.016832471540241083 0.01615343707704561 0.015389947963631542 0.013294520818199047 0.011583107854435466 0.010908392518723374 0.010008993064908569 0.00983351406584971 0.009811985057146392 0.00851756852116797 0.008067630315666917 0.008005595393881253 0.007167653737056246 0.007024491364066149 0.006871188322700226 0.006614951441738789 0.006565483183351119 0.006493809821214774 0.006221488277136094 0.006001686172783061 0.005651197201968796 0.005169364122119041 0.004882855341590042 0.004876557794231493 0.004064208112376976 0.003958902393373249 0.003761171644349875 0.0037413844405560725 0.0036087165034718164 0.0034728302696872574 0.0033724000534424096 0.0032427209261435114 0.0030349409934682186 0.0029662952155457088 0.002966228136170898 0.0024530546967310215 0.002430400052562423 0.002314184956363286 0.002254036900604913 0.0021901991553101244 0.002185403722366476 0.0020677650006572915 0.0019432025026642106 0.0019250437767116455 0.0018851882597811793 0.0018802197567238984 0.0018498738834388556 0.0017419157107924168 0.0016908491279533787 0.0016539112925292926 0.0016179631790175836 0.0015661472650603553 0.0015643538125174451 0.001463772273084255 0.0014146794196476598 0.0013952904280773502 0.0013397504431195979 0.001269769056499043 0.0012462422161980766 0.0011726418045867335 0.001168163809626414 0.0011194584702883751 0.001109188513002129 0.0010635770297372147 0.001049160969392927 0.0010019470271433065 0.0009317390339732274 0.0009302672537294105 0.0009054117684192691 0.000896145903277618 0.0008321822875818576 0.0008251876314450263 0.0007766757853072456 0.0007089305071789238 0.0006829788626422966 0.0006819993041899804 0.0006460340928093803 0.0006387038892091849 0.0006214824298281626 0.0006208709385965179 0.0005560120865929436 0.0005251384564600096 0.0005072238011661054 0.0005065700420860442 0.0005065340967704573 0.00048187742930692656 0.00047188127951943874 0.000470637513698958 0.00046954747002185744 0.0004666204427771244 0.000453418291266177 0.0004306239690485311 0.00042876902361709587 0.0004158946611312874 0.00041547142794421624 0.0004053181150423759 0.00040054858964081943 0.00038722519967845047 0.00037467056497788237 0.00037179677101757604 0.0003500515128403172 0.0003289308246241173 0.0003265360870629979 0.00032304711258925885 0.000321338332181046 0.00031524103310912055 0.00029405958714283397 0.00028925245351202436 0.00027506989198738 0.00026776025530976354 0.00025979138208270336 0.0002462765281530063 0.00022942876107708877 0.00022397336525682476 0.0002229826072778578 0.00021672880511597277 0.0002165316476590735 0.00021204034176176901 0.000210030481936635 0.00020789142813601273 0.00018959673282377718 0.0001832293477463914 0.00017475762728703424 0.00017288129735174593 0.00016593451157988678 0.00016321598734016975 0.00016055823123015781 0.0001581009420894719 0.00015799756909820435 0.00015224575743437007 0.000150791967851656 0.00014366181238606053 0.00014040919328345993 0.00013689087269300523 0.00013290696622927407 0.00013174844309779289 0.00013078303929684528 0.00013074073312347297 0.00012747912247696485 0.0001240334827316929 0.0001231561327289225 0.00012141809899463426 0.00011736410717967718 0.00011382952181972527 9.181662127962717e-05 9.083570540488366e-05 9.070348447215489e-05 8.903186095387031e-05 8.625064572385535e-05 8.125454475862874e-05 7.747140213974161e-05 7.744491731510151e-05 7.545067109107849e-05 7.21851063835535e-05 7.073158151063437e-05 6.853584844451685e-05 6.551210093711458e-05 6.514559727897793e-05 6.454581585707724e-05 6.258682167968249e-05 5.628864946044761e-05 5.573647157423784e-05 5.472197271547656e-05 5.4145589198527625e-05 5.219677798409243e-05 5.165965978355906e-05 5.155717928146493e-05 5.088725985596789e-05 4.837531448027655e-05 4.796622036261741e-05 4.7477083891263544e-05 4.735071576102044e-05 4.654867858006134e-05 4.474805791960549e-05 4.300097530203225e-05 4.1351028897329283e-05 4.1289429376015785e-05 3.963913954290043e-05 3.9385097936915423e-05 3.8865525438967247e-05 3.5695476141347734e-05 3.5231666146799135e-05 3.4929809034069634e-05 3.395879545521907e-05 3.3859578597551505e-05 3.309395844735559e-05 3.297886779132832e-05 3.087436861576626e-05 2.9323821275627848e-05 2.8889460046679866e-05 2.778871808769156e-05 2.7514565860414553e-05 2.7501272781149804e-05 2.6770007219247433e-05 2.6699790709844622e-05 2.6100852646908486e-05 2.4329982748059045e-05 2.3667444430459156e-05 2.2798388639640585e-05 2.2773379570950202e-05 2.276263386355669e-05 2.255029191237488e-05 2.2363078396579195e-05 1.998216873524659e-05 1.7944264883896348e-05 1.7937207463855734e-05 1.784592742876683e-05 1.572685120632719e-05 1.570654551024887e-05 1.556192190483285e-05 1.5407251524874476e-05 1.5229429360234742e-05 1.3134172224415418e-05 1.2534860394033056e-05 1.0571163728174631e-05 1.041813421816486e-05 1.0149720362731482e-05 9.445198541100942e-06 9.4196795986713e-06 9.06359682793456e-06 9.060025565403718e-06 8.780217465273656e-06 8.750734870766879e-06 8.632662872029615e-06 8.434177702668369e-06 8.342608653164733e-06 8.30844767939394e-06 7.800782240983495e-06 7.665574115067429e-06 7.470278662749646e-06 7.3754192169967985e-06 7.123123494222842e-06 7.106098192901284e-06 6.444145813686741e-06 6.3874179883617284e-06 5.646698414193367e-06 5.543520439305408e-06 5.471514609711609e-06 5.295106645152864e-06 5.142454400185227e-06 4.945771082626438e-06 4.835218153261999e-06 4.711552360690365e-06 4.689318175452871e-06 4.667979907708322e-06 4.6044775464414365e-06 3.772592317308491e-06 3.762156256384328e-06 3.245658369773859e-06 3.236047770623493e-06 3.199364843113241e-06 3.1687295414112334e-06 3.0407689428646122e-06 3.0220762743621108e-06 2.904962036874864e-06 2.8992840390199e-06 2.1518972271539113e-06 2.110239464659593e-06 2.068189521089383e-06 2.047001646690762e-06 1.9526597095839443e-06 1.8949872002295527e-06 1.8932098725597536e-06 1.832837686365832e-06 1.8264702333240178e-06 1.7668877960860848e-06 1.2631898466261058e-06 1.1751848459145992e-06 1.1688467362923908e-06 9.401046480387567e-07 9.26263015986753e-07 8.332295629420826e-07 7.950266296903727e-07 7.880805242587536e-07 6.776067280837174e-07 6.67535045793092e-07 6.670539180201546e-07 6.473324474142686e-07 5.995619597839224e-07 4.4926626060331815e-07 4.0162114108910477e-07 3.5972044678863005e-07 3.592292551122914e-07 3.203565022996472e-07 3.187486244777236e-07 2.9153494844791226e-07 2.9060120002212104e-07 2.7891094437552214e-07 1.9377389642814097e-07 1.9358632275618716e-07 7.923963851963968e-08 7.919009040559841e-08 7.196387810063754e-08 5.940721153713817e-08 4.127032462148107e-08 4.023174556648313e-08 2.7084161936705435e-08 2.6805419982185973e-08 2.4387292395595555e-09
## eigenvalues of T0123v real 1.062761645849239 0.4117787617254697 0.3356894333289901 0.23687318328457738 0.14341887727955316 0.12802393083901173 0.1268601531824198 0.08983382418264678 0.07546746192235201 0.07543785744823443 0.07514304441755182 0.052169596496107765 0.03907596928170207 0.03896172563946531 0.03715210630276847 0.03713161792878987 0.03705845073033623 0.03193530967312092 0.028693655914331373 0.02204075497605108 0.02079252150394639 0.02078892669727422 0.019510408986349488 0.01886926550148439 0.017890163788327407 0.016832471540241083 0.01615343707704561 0.015389947963631542 0.013294520818199047 0.011583107854435466 0.010908392518723374 0.010008993064908569 0.00983351406584971 0.009811985057146392 0.00851756852116797 0.008067630315666917 0.008005595393881253 0.007167653737056246 0.007024491364066149 0.006871188322700226 0.006614951441738789 0.006565483183351119 0.006493809821214774 0.006221488277136094 0.006001686172783061 0.005651197201968796 0.005169364122119041 0.004882855341590042 0.004876557794231493 0.004064208112376976 0.003958902393373249 0.003761171644349875 0.0037413844405560725 0.0036087165034718164 0.0034728302696872574 0.0033724000534424096 0.0032427209261435114 0.0030349409934682186 0.0029662952155457088 0.002966228136170898 0.0024530546967310215 0.002430400052562423 0.002314184956363286 0.002254036900604913 0.0021901991553101244 0.002185403722366476 0.0020677650006572915 0.0019432025026642106 0.0019250437767116455 0.0018851882597811793 0.0018802197567238984 0.0018498738834388556 0.0017419157107924168 0.0016908491279533787 0.0016539112925292926 0.0016179631790175836 0.0015661472650603553 0.0015643538125174451 0.001463772273084255 0.0014146794196476598 0.0013952904280773502 0.0013397504431195979 0.001269769056499043 0.0012462422161980766 0.0011726418045867335 0.001168163809626414 0.0011194584702883751 0.001109188513002129 0.0010635770297372147 0.001049160969392927 0.0010019470271433065 0.0009317390339732274 0.0009302672537294105 0.0009054117684192691 0.000896145903277618 0.0008321822875818576 0.0008251876314450263 0.0007766757853072456 0.0007089305071789238 0.0006829788626422966 0.0006819993041899804 0.0006460340928093803 0.0006387038892091849 0.0006214824298281626 0.0006208709385965179 0.0005560120865929436 0.0005251384564600096 0.0005072238011661054 0.0005065700420860442 0.0005065340967704573 0.00048187742930692656 0.00047188127951943874 0.000470637513698958 0.00046954747002185744 0.0004666204427771244 0.000453418291266177 0.0004306239690485311 0.00042876902361709587 0.0004158946611312874 0.00041547142794421624 0.0004053181150423759 0.00040054858964081943 0.00038722519967845047 0.00037467056497788237 0.00037179677101757604 0.0003500515128403172 0.0003289308246241173 0.0003265360870629979 0.00032304711258925885 0.000321338332181046 0.00031524103310912055 0.00029405958714283397 0.00028925245351202436 0.00027506989198738 0.00026776025530976354 0.00025979138208270336 0.0002462765281530063 0.00022942876107708877 0.00022397336525682476 0.0002229826072778578 0.00021672880511597277 0.0002165316476590735 0.00021204034176176901 0.000210030481936635 0.00020789142813601273 0.00018959673282377718 0.0001832293477463914 0.00017475762728703424 0.00017288129735174593 0.00016593451157988678 0.00016321598734016975 0.00016055823123015781 0.0001581009420894719 0.00015799756909820435 0.00015224575743437007 0.000150791967851656 0.00014366181238606053 0.00014040919328345993 0.00013689087269300523 0.00013290696622927407 0.00013174844309779289 0.00013078303929684528 0.00013074073312347297 0.00012747912247696485 0.0001240334827316929 0.0001231561327289225 0.00012141809899463426 0.00011736410717967718 0.00011382952181972527 9.181662127962717e-05 9.083570540488366e-05 9.070348447215489e-05 8.903186095387031e-05 8.625064572385535e-05 8.125454475862874e-05 7.747140213974161e-05 7.744491731510151e-05 7.545067109107849e-05 7.21851063835535e-05 7.073158151063437e-05 6.853584844451685e-05 6.551210093711458e-05 6.514559727897793e-05 6.454581585707724e-05 6.258682167968249e-05 5.628864946044761e-05 5.573647157423784e-05 5.472197271547656e-05 5.4145589198527625e-05 5.219677798409243e-05 5.165965978355906e-05 5.155717928146493e-05 5.088725985596789e-05 4.837531448027655e-05 4.796622036261741e-05 4.7477083891263544e-05 4.735071576102044e-05 4.654867858006134e-05 4.474805791960549e-05 4.300097530203225e-05 4.1351028897329283e-05 4.1289429376015785e-05 3.963913954290043e-05 3.9385097936915423e-05 3.8865525438967247e-05 3.5695476141347734e-05 3.5231666146799135e-05 3.4929809034069634e-05 3.395879545521907e-05 3.3859578597551505e-05 3.309395844735559e-05 3.297886779132832e-05 3.087436861576626e-05 2.9323821275627848e-05 2.8889460046679866e-05 2.778871808769156e-05 2.7514565860414553e-05 2.7501272781149804e-05 2.6770007219247433e-05 2.6699790709844622e-05 2.6100852646908486e-05 2.4329982748059045e-05 2.3667444430459156e-05 2.2798388639640585e-05 2.2773379570950202e-05 2.276263386355669e-05 2.255029191237488e-05 2.2363078396579195e-05 1.998216873524659e-05 1.7944264883896348e-05 1.7937207463855734e-05 1.784592742876683e-05 1.572685120632719e-05 1.570654551024887e-05 1.556192190483285e-05 1.5407251524874476e-05 1.5229429360234742e-05 1.3134172224415418e-05 1.2534860394033056e-05 1.0571163728174631e-05 1.041813421816486e-05 1.0149720362731482e-05 9.445198541100942e-06 9.4196795986713e-06 9.06359682793456e-06 9.060025565403718e-06 8.780217465273656e-06 8.750734870766879e-06 8.632662872029615e-06 8.434177702668369e-06 8.342608653164733e-06 8.30844767939394e-06 7.800782240983495e-06 7.665574115067429e-06 7.470278662749646e-06 7.3754192169967985e-06 7.123123494222842e-06 7.106098192901284e-06 6.444145813686741e-06 6.3874179883617284e-06 5.646698414193367e-06 5.543520439305408e-06 5.471514609711609e-06 5.295106645152864e-06 5.142454400185227e-06 4.945771082626438e-06 4.835218153261999e-06 4.711552360690365e-06 4.689318175452871e-06 4.667979907708322e-06 4.6044775464414365e-06 3.772592317308491e-06 3.762156256384328e-06 3.245658369773859e-06 3.236047770623493e-06 3.199364843113241e-06 3.1687295414112334e-06 3.0407689428646122e-06 3.0220762743621108e-06 2.904962036874864e-06 2.8992840390199e-06 2.1518972271539113e-06 2.110239464659593e-06 2.068189521089383e-06 2.047001646690762e-06 1.9526597095839443e-06 1.8949872002295527e-06 1.8932098725597536e-06 1.832837686365832e-06 1.8264702333240178e-06 1.7668877960860848e-06 1.2631898466261058e-06 1.1751848459145992e-06 1.1688467362923908e-06 9.401046480387567e-07 9.26263015986753e-07 8.332295629420826e-07 7.950266296903727e-07 7.880805242587536e-07 6.776067280837174e-07 6.67535045793092e-07 6.670539180201546e-07 6.473324474142686e-07 5.995619597839224e-07 4.4926626060331815e-07 4.0162114108910477e-07 3.5972044678863005e-07 3.592292551122914e-07 3.203565022996472e-07 3.187486244777236e-07 2.9153494844791226e-07 2.9060120002212104e-07 2.7891094437552214e-07 1.9377389642814097e-07 1.9358632275618716e-07 7.923963851963968e-08 7.919009040559841e-08 7.196387810063754e-08 5.940721153713817e-08 4.127032462148107e-08 4.023174556648313e-08 2.7084161936705435e-08 2.6805419982185973e-08 2.4387292395595555e-09
## eigenvalues of T0123v imag 0.0 0.0 0.0 0.0 0.0 0.0 0.0 0.0 0.0 0.0 0.0 0.0 0.0 0.0 0.0 0.0 0.0 0.0 0.0 0.0 0.0 0.0 0.0 0.0 0.0 0.0 0.0 0.0 0.0 0.0 0.0 0.0 0.0 0.0 0.0 0.0 0.0 0.0 0.0 0.0 0.0 0.0 0.0 0.0 0.0 0.0 0.0 0.0 0.0 0.0 0.0 0.0 0.0 0.0 0.0 0.0 0.0 0.0 0.0 0.0 0.0 0.0 0.0 0.0 0.0 0.0 0.0 0.0 0.0 0.0 0.0 0.0 0.0 0.0 0.0 0.0 0.0 0.0 0.0 0.0 0.0 0.0 0.0 0.0 0.0 0.0 0.0 0.0 0.0 0.0 0.0 0.0 0.0 0.0 0.0 0.0 0.0 0.0 0.0 0.0 0.0 0.0 0.0 0.0 0.0 0.0 0.0 0.0 0.0 0.0 0.0 0.0 0.0 0.0 0.0 0.0 0.0 0.0 0.0 0.0 0.0 0.0 0.0 0.0 0.0 0.0 0.0 0.0 0.0 0.0 0.0 0.0 0.0 0.0 0.0 0.0 0.0 0.0 0.0 0.0 0.0 0.0 0.0 0.0 0.0 0.0 0.0 0.0 0.0 0.0 0.0 0.0 0.0 0.0 0.0 0.0 0.0 0.0 0.0 0.0 0.0 0.0 0.0 0.0 0.0 0.0 0.0 0.0 0.0 0.0 0.0 0.0 0.0 0.0 0.0 0.0 0.0 0.0 0.0 0.0 0.0 0.0 0.0 0.0 0.0 0.0 0.0 0.0 0.0 0.0 0.0 0.0 0.0 0.0 0.0 0.0 0.0 0.0 0.0 0.0 0.0 0.0 0.0 0.0 0.0 0.0 0.0 0.0 0.0 0.0 0.0 0.0 0.0 0.0 0.0 0.0 0.0 0.0 0.0 0.0 0.0 0.0 0.0 0.0 0.0 0.0 0.0 0.0 0.0 0.0 0.0 0.0 0.0 0.0 0.0 0.0 0.0 0.0 0.0 0.0 0.0 0.0 0.0 0.0 0.0 0.0 0.0 0.0 0.0 0.0 0.0 0.0 0.0 0.0 0.0 0.0 0.0 0.0 0.0 0.0 0.0 0.0 0.0 0.0 0.0 0.0 0.0 0.0 0.0 0.0 0.0 0.0 0.0 0.0 0.0 0.0 0.0 0.0 0.0 0.0 0.0 0.0 0.0 0.0 0.0 0.0 0.0 0.0 0.0 0.0 0.0 0.0 0.0 0.0 0.0 0.0 0.0 0.0 0.0 0.0 0.0 0.0 0.0 0.0 0.0 0.0 0.0 0.0 0.0 0.0 0.0 0.0 0.0 0.0 0.0 0.0 0.0 0.0 0.0 0.0 0.0 0.0 0.0 0.0
## eigenvalues of T0123v imag max 0.0
## hx,i,norm,mx,my,mz,sqrt(sum m^2)  1.55 0 (1.1095203843190795+0j) 0.4596907564040401 0.0 -1.0782710258572267e-06 0.45969075640530477
## hx,i,norm,mx,my,mz,sqrt(sum m^2)  1.55 1 (1.109520384319079+0j) 0.45969075640404017 0.0 -1.0782710237058655e-06 0.4596907564053048
## hx,num,norm_x,norm_y,xx[0],xx[1],yy[0],yy[1],zz[0],zz[1]  1.55 0 (1.164489762408318+0j) (1.1644916090096837+0j) 0.21895614327560797 0.2189543395513309 -0.03487747510490269 -0.034872056221425314 0.05431029973900403 0.05430566855033
## hx,num,norm_x,norm_y,xx[0],xx[1],yy[0],yy[1],zz[0],zz[1]  1.55 1 (1.164490987539354+0j) (1.1644916864897819+0j) 0.21895516014646613 0.21895460612635692 -0.03487461938605017 -0.034872820896961025 0.0543076709941099 0.05430639387160603
1.55 -0.8211356890037871 0.45969075640530477 -0.05430898536655697 -0.05430603121096801
## hx,mx,mz0mz1 1.55 0.4596907564040401 0.05430750828876249
## time simple update= 9.53674316406e-07
## time full update= 0.0
## time environment= 1.43910598755
## time observable= 0.0403020381927
