## Logs: seed = 11
## Logs: Jxy = 0.0
## Logs: Jz = -1.0
## Logs: hx = 1.55
## Logs: tau = 0.0128
## Logs: tau_step = 0
## Logs: tau_full = 0.01
## Logs: tau_full_step = 0
## Logs: second_ST = True
## Logs: initial_type = -1
## Logs: input_file = input_Tn.npz
## Logs: output_file = output
### CTM: count to convergence, sig_max =  7 3.034928774283861e-07
## np.allclose(T0123h,T0123h.T,rtol=1e-6,atol=1e-6) True
## eigenvalues of T0123h abs 1.028461695062823 0.19151956905515688 0.15842888807904693 0.11559968782640939 0.07517582492850441 0.045491121768118085 0.028923901473771267 0.028664529581299523 0.017212752900216757 0.01705151150514264 0.009618044775308327 0.009387630652358769 0.008796578227635861 0.007809272888330704 0.0066375788603468405 0.0053954028363106124 0.004881553647487834 0.0036273241651620064 0.003393974568828441 0.001955217731954751 0.0015388895139845803 0.0013680916769931199 0.0013444555142798423 0.0009141859690110832 0.0008263493773389044 0.0008217711361616313 0.0007559350420672557 0.0007260293424732864 0.0007167446133010048 0.0007078842531790427 0.0005525724427855587 0.00048038272941119514 0.00034108288134049514 0.0003072755064304852 0.0003029736927959802 0.00028099581915418977 0.00015722573010839303 0.0001238558139476172 8.563355814406407e-05 8.534734614474197e-05 7.799529128048336e-05 7.723055238113468e-05 6.45010074004198e-05 6.336844645795973e-05 6.235452441994954e-05 6.190074257727822e-05 6.088975370336555e-05 4.3469229690426665e-05 3.458806221362343e-05 3.105274315893843e-05 2.417842509338706e-05 1.859055951085595e-05 6.8265231529969585e-06 6.774639881043339e-06 6.743538707078154e-06 6.717555511752417e-06 5.653697967276725e-06 4.42279965103123e-06 4.4138593087390316e-06 3.58875094862759e-06 7.513368124832286e-07 4.891869377596419e-07 4.880896260885921e-07 3.1544055329161335e-07
## eigenvalues of T0123h real 1.028461695062823 0.19151956905515688 0.15842888807904693 0.11559968782640939 0.07517582492850441 0.045491121768118085 0.028923901473771267 0.028664529581299523 0.017212752900216757 0.01705151150514264 0.009618044775308327 0.009387630652358769 0.008796578227635861 0.007809272888330704 0.0066375788603468405 0.0053954028363106124 0.004881553647487834 0.0036273241651620064 0.003393974568828441 0.001955217731954751 0.0015388895139845803 0.0013680916769931199 0.0013444555142798423 0.0009141859690110832 0.0008263493773389044 0.0008217711361616313 0.0007559350420672557 0.0007260293424732864 0.0007167446133010048 0.0007078842531790427 0.0005525724427855587 0.00048038272941119514 0.00034108288134049514 0.0003072755064304852 0.0003029736927959802 0.00028099581915418977 0.00015722573010839303 0.0001238558139476172 8.563355814406407e-05 8.534734614474197e-05 7.799529128048336e-05 7.723055238113468e-05 6.45010074004198e-05 6.336844645795973e-05 6.235452441994954e-05 6.190074257727822e-05 6.088975370336555e-05 4.3469229690426665e-05 3.458806221362343e-05 3.105274315893843e-05 2.417842509338706e-05 1.859055951085595e-05 6.8265231529969585e-06 6.774639881043339e-06 6.743538707078154e-06 6.717555511752417e-06 5.653697967276725e-06 4.42279965103123e-06 4.4138593087390316e-06 3.58875094862759e-06 7.513368124832286e-07 4.891869377596419e-07 4.880896260885921e-07 3.1544055329161335e-07
## eigenvalues of T0123h imag 0.0 0.0 0.0 0.0 0.0 0.0 0.0 0.0 0.0 0.0 0.0 0.0 0.0 0.0 0.0 0.0 0.0 0.0 0.0 0.0 0.0 0.0 0.0 0.0 0.0 0.0 0.0 0.0 0.0 0.0 0.0 0.0 0.0 0.0 0.0 0.0 0.0 0.0 0.0 0.0 0.0 0.0 0.0 0.0 0.0 0.0 0.0 0.0 0.0 0.0 0.0 0.0 0.0 0.0 0.0 0.0 0.0 0.0 0.0 0.0 0.0 0.0 0.0 0.0
## eigenvalues of T0123h imag max 0.0
## np.allclose(T0123v,T0123v.T,rtol=1e-6,atol=1e-6) True
## eigenvalues of T0123v abs 1.0284595145319253 0.19151187254605462 0.15842168071027563 0.1155932587489112 0.07517039846713693 0.04548676969372032 0.028920410896802258 0.02866210727177605 0.01721102778890582 0.017049751103810802 0.009616794398877115 0.009382613464077804 0.00879544310714754 0.007808251147434192 0.006633351276855054 0.005394539559182123 0.00488076196920344 0.0036266704323205654 0.0033934073244675155 0.0019549027977632683 0.0015385414651968468 0.001367260547730502 0.0013436419947138174 0.0009140024054359717 0.000825789173144328 0.0008212212045244829 0.0007557816729081456 0.0007255589186846502 0.0007165996145411339 0.0007074212838499845 0.000552235021770097 0.000480120297546907 0.0003409956223510497 0.00030706370593884167 0.0003027648982993069 0.00028092119303423964 0.00015712146694449802 0.00012376467577778893 8.558025660181584e-05 8.529438600317726e-05 7.793911966131718e-05 7.717458122547459e-05 6.445555126612698e-05 6.332252532166364e-05 6.230921417690056e-05 6.18482704182681e-05 6.0858072742942664e-05 4.343897588639644e-05 3.4562248500017004e-05 3.102867195818025e-05 2.4160955606791898e-05 1.857824728466717e-05 6.818162171589475e-06 6.766376266553577e-06 6.738142646825833e-06 6.712182134172402e-06 5.6474540013373665e-06 4.419534942235745e-06 4.41060004836096e-06 3.584210633005854e-06 7.503736732977198e-07 4.885754335712104e-07 4.874799465943259e-07 3.150601724335264e-07
## eigenvalues of T0123v real 1.0284595145319253 0.19151187254605462 0.15842168071027563 0.1155932587489112 0.07517039846713693 0.04548676969372032 0.028920410896802258 0.02866210727177605 0.01721102778890582 0.017049751103810802 0.009616794398877115 0.009382613464077804 0.00879544310714754 0.007808251147434192 0.006633351276855054 0.005394539559182123 0.00488076196920344 0.0036266704323205654 0.0033934073244675155 0.0019549027977632683 0.0015385414651968468 0.001367260547730502 0.0013436419947138174 0.0009140024054359717 0.000825789173144328 0.0008212212045244829 0.0007557816729081456 0.0007255589186846502 0.0007165996145411339 0.0007074212838499845 0.000552235021770097 0.000480120297546907 0.0003409956223510497 0.00030706370593884167 0.0003027648982993069 0.00028092119303423964 0.00015712146694449802 0.00012376467577778893 8.558025660181584e-05 8.529438600317726e-05 7.793911966131718e-05 7.717458122547459e-05 6.445555126612698e-05 6.332252532166364e-05 6.230921417690056e-05 6.18482704182681e-05 6.0858072742942664e-05 4.343897588639644e-05 3.4562248500017004e-05 3.102867195818025e-05 2.4160955606791898e-05 1.857824728466717e-05 6.818162171589475e-06 6.766376266553577e-06 6.738142646825833e-06 6.712182134172402e-06 5.6474540013373665e-06 4.419534942235745e-06 4.41060004836096e-06 3.584210633005854e-06 7.503736732977198e-07 4.885754335712104e-07 4.874799465943259e-07 3.150601724335264e-07
## eigenvalues of T0123v imag 0.0 0.0 0.0 0.0 0.0 0.0 0.0 0.0 0.0 0.0 0.0 0.0 0.0 0.0 0.0 0.0 0.0 0.0 0.0 0.0 0.0 0.0 0.0 0.0 0.0 0.0 0.0 0.0 0.0 0.0 0.0 0.0 0.0 0.0 0.0 0.0 0.0 0.0 0.0 0.0 0.0 0.0 0.0 0.0 0.0 0.0 0.0 0.0 0.0 0.0 0.0 0.0 0.0 0.0 0.0 0.0 0.0 0.0 0.0 0.0 0.0 0.0 0.0 0.0
## eigenvalues of T0123v imag max 0.0
## hx,i,norm,mx,my,mz,sqrt(sum m^2)  1.55 0 (1.0407539487135165+0j) 0.4611776504341493 0.0 -0.055694092603755074 0.4645284245457086
## hx,i,norm,mx,my,mz,sqrt(sum m^2)  1.55 1 (1.0407539487135156+0j) 0.4611776504341504 0.0 -0.05569409260375395 0.4645284245457095
## hx,num,norm_x,norm_y,xx[0],xx[1],yy[0],yy[1],zz[0],zz[1]  1.55 0 (1.0611409666098934+0j) (1.0611393717194502+0j) 0.2202040790171342 0.2202060052009836 -0.035024742723942175 -0.035030617131107826 0.05299234147442944 0.05299738489132704
## hx,num,norm_x,norm_y,xx[0],xx[1],yy[0],yy[1],zz[0],zz[1]  1.55 1 (1.0611403593560145+0j) (1.0611397044288298+0j) 0.22020453600333093 0.22020508607756803 -0.03502608532087814 -0.03502793866289794 0.05299360995390112 0.05299486422481586
1.55 -0.820814458445169 0.46452842454570903 -0.05299297571416528 -0.052996124558071456
## hx,mx,mz0mz1 1.55 0.4611776504341498 0.05299455013611837
## time simple update= 9.53674316406e-07
## time full update= 0.0
## time environment= 0.127561807632
## time observable= 0.00722694396973
