## Logs: seed = 11
## Logs: Jxy = 0.0
## Logs: Jz = -1.0
## Logs: hx = 1.55
## Logs: tau = 0.0128
## Logs: tau_step = 0
## Logs: tau_full = 0.01
## Logs: tau_full_step = 0
## Logs: second_ST = True
## Logs: initial_type = -1
## Logs: input_file = input_Tn.npz
## Logs: output_file = output
### CTM: count to convergence, sig_max =  8 4.0571496284542866e-07
## np.allclose(T0123h,T0123h.T,rtol=1e-6,atol=1e-6) False
## eigenvalues of T0123h abs 1.062759326550318 0.41418657003044895 0.34248517304452797 0.2450044427330493 0.14884141170355772 0.135413163512222 0.12699605479964549 0.09447648212589108 0.09014170575943543 0.08205796682736541 0.07747451317874662 0.053871553477996756 0.05241219548900983 0.046758790514192274 0.04084450914807334 0.0399795289978266 0.03932818582583372 0.03929011041723241 0.031899489863628415 0.02876491731646475 0.025706476785542987 0.024713576912142314 0.024610714980325372 0.023743030970305178 0.023005626224155303 0.021769950818752826 0.02033279764357718 0.01962796494282598 0.0194064253407963 0.017792943890103503 0.016373460452957872 0.014984599672531566 0.014371244319839887 0.012956521516654754 0.01287691046508985 0.012357040468763139 0.012050792454917624 0.011914630048429659 0.011090792408523833 0.010964393385600294 0.01056299214156839 0.010506582137440724 0.010251291600046052 0.010022695549564902 0.009041835855026542 0.007950889585515122 0.0077532500640675045 0.0077114834377886585 0.007291356105468126 0.00707776466495237 0.006996739224530063 0.006743014486495087 0.006533521821136047 0.006339006563920263 0.006333386209875037 0.006260307708140278 0.00594771339137359 0.0057196667192265915 0.005486677954341006 0.0053606743624962285 0.005139780045289018 0.00511902648360279 0.0050790552095895765 0.00493620733659535 0.004491645473463544 0.00446092189605047 0.004273118516921809 0.004144263897192936 0.003928343208834823 0.003877161762080547 0.00385696560584408 0.003845943634335385 0.0038394563832879853 0.0037993039275251487 0.0037317067752687533 0.0034284172424204084 0.0033842367359891443 0.0031463512093721463 0.0030630890603485688 0.002957873608886782 0.0028141437440749343 0.002790373932999765 0.0026454395671547844 0.0025918573675910777 0.00256877968212559 0.002497194273816601 0.0024627733220786673 0.0024171537962859478 0.0024148721335800222 0.002373124824608218 0.0022299922402995854 0.002212403747844145 0.0021558433923033428 0.002151823261920284 0.002126224565778182 0.002090015307397806 0.002085220345227729 0.0020635313370085465 0.0020532725485959036 0.0020353770881103594 0.0019918530799421454 0.0018400857634778259 0.0017635244189655108 0.0017087797711203838 0.0016545287464386305 0.001593711352867227 0.0015784816414479124 0.0015334279154679757 0.0015318433145515863 0.0015228682340468014 0.001512694755106235 0.0014757638012702053 0.001452019245971862 0.0013682692854421468 0.0013547347643776476 0.0013546779459683172 0.001326339397528375 0.0012925649412352065 0.0012816980618997047 0.001279041232458045 0.0012598809417679576 0.0012454689475959377 0.0012403541351388631 0.0012350074230047553 0.0012260090325060078 0.0011965384409386103 0.0011787723734679365 0.0011769662444496185 0.0011583479684427953 0.0011542331230992072 0.0011317430456119968 0.0010996837978326267 0.001099497915641409 0.0010821133156181488 0.001058836433380767 0.0010278907983846542 0.0010228390300846216 0.0009925097690185478 0.0009863336983709796 0.0009838343028144131 0.0009111765681660784 0.0008789196520087707 0.0008581385934517186 0.0008229559428114386 0.0008227101198364252 0.0008174556824710243 0.0007849625457757317 0.0007675386378531851 0.0007637494721825823 0.0007619976870397006 0.0007339203579940593 0.0007320281880818074 0.0007063364574204788 0.0007063202877921859 0.0006881972412850451 0.0006694900547170601 0.0006663210972000103 0.0006643661050765846 0.0006501091501480087 0.0006415537946777623 0.0006318532722495802 0.0006201158376263249 0.0005997799146741348 0.0005823835199686751 0.0005779318041741207 0.0005776655779973297 0.0005665099557915412 0.0005565602500695365 0.0005307884164061281 0.0005165205665546525 0.0005151981695758217 0.0004917589125674675 0.00048125626583579847 0.0004783757969038459 0.00047683137182243405 0.0004732197092066235 0.00047266060466591664 0.0004720543998414455 0.0004683640200943084 0.0004588921736851819 0.0004484912925422216 0.000444045937943869 0.00043806799415692084 0.0004336645502630871 0.0004323883860166518 0.00042610588636728293 0.00041137025799996014 0.00041121552386825605 0.0004100663443089622 0.00040469923549835813 0.0004033039597623216 0.0004021277015048385 0.0004016585572679749 0.0003962582970640643 0.0003943584564859598 0.00037550622473148706 0.00037476897155232306 0.0003718094869050976 0.00036765983457339157 0.0003635142594311768 0.0003514196133229974 0.0003463687351519598 0.0003448299204878884 0.0003434294968915648 0.0003423964273758569 0.0003416840247334737 0.0003408388426612503 0.00033787951300129186 0.0003317296216931874 0.00032839830337126716 0.0003253951719250685 0.00031444636677344285 0.000304086432962869 0.00030157331673415493 0.00029819554973406563 0.0002976050326422748 0.0002942305676228774 0.0002941267939433254 0.00029359301324019104 0.00028944743442700215 0.0002834612534880066 0.0002742018690670324 0.000273792225194512 0.00027311264934271523 0.00027021504000368323 0.00026933207518979157 0.0002624454200695582 0.00025754566650603344 0.00025355076279999923 0.00025189892567739457 0.0002457613236342756 0.00024430677996097115 0.00023629157228741588 0.00023571617219604035 0.00023565228567364683 0.00023224418061982446 0.00022805612102282574 0.0002266353900419539 0.00022317685384422908 0.00022313780420559807 0.00022203932659817585 0.00021586026153044198 0.00021554873995317808 0.00020915294483674052 0.0002064023023146283 0.00020192698585711445 0.00019696182958755607 0.00019625167514262636 0.00019196104614731575 0.00019088369449596473 0.00019042265980631547 0.0001879185480343567 0.0001842438152750142 0.0001822768779237832 0.00018093283465867442 0.0001691788099092796 0.0001679752831305187 0.000163801809570975 0.0001633955634643515 0.0001625635401569465 0.000158893541431911 0.0001571962275236445 0.00015706016190473248 0.00015477558758993207 0.00015259299436306493 0.00014826937762927128 0.00014472598306265494 0.00014377011044650607 0.00014124441524569596 0.0001399691927002893 0.0001396826246971331 0.00013794393021879703 0.00013705324400554322 0.00013492297609545955 0.00013322746924963226 0.00013237903756607938 0.00013199581195028352 0.00012742570622217045 0.00012717546026247528 0.0001254603297114156 0.00012417281151444394 0.00012388610995201583 0.00012230464041081888 0.00012142098264080565 0.00011927502087791111 0.00011603136454494898 0.00011576538858134295 0.00011493963799788988 0.00011280392484029568 0.0001110209458645825 0.00010954005101499663 0.00010830551343655339 0.00010713571554057349 0.00010603505905737081 0.0001060222923592956 0.00010523782442350122 0.00010445344846017092 0.00010444393324730691 0.00010411634006852387 0.0001016435605023175 0.00010132809073683543 0.0001009186809353342 9.978846743292623e-05 9.96787636005578e-05 9.765049599792246e-05 9.750982246914359e-05 9.736826800057539e-05 9.6927107219159e-05 9.571147940930153e-05 9.090346054278913e-05 9.06978092962812e-05 9.056452657940376e-05 8.760854736380094e-05 8.684017107705477e-05 8.61690710874551e-05 8.610852398768005e-05 8.428150765486514e-05 8.348761932151253e-05 8.205586808108465e-05 8.131137483694968e-05 8.075461624783818e-05 7.954325638497114e-05 7.923807810760288e-05 7.846898736685888e-05 7.812152385559687e-05 7.753528117515284e-05 7.730491994099734e-05 7.72561968734244e-05 7.703846607668025e-05 7.644353019073418e-05 7.525201161909442e-05 7.475816858815418e-05 7.377181863343287e-05 7.297018133955383e-05 7.231311002043315e-05 7.184043779634447e-05 7.085883500467656e-05 6.991927821951452e-05 6.958686666027922e-05 6.909513144299942e-05 6.851654581147797e-05 6.829940416895333e-05 6.573149774130049e-05 6.416285811763091e-05 6.37383558475179e-05 6.361513262277445e-05 6.266725630484642e-05 6.258899872631524e-05 6.247060426439426e-05 5.9419926315521854e-05 5.886438143272087e-05 5.734491785519513e-05 5.662153527308689e-05 5.561790016762227e-05 5.5297297090584985e-05 5.5283374574211294e-05 5.494783231578286e-05 5.330769607278806e-05 5.300347036624962e-05 5.243829025860262e-05 5.2262825417496386e-05 5.1994790629888616e-05 5.1591261159751466e-05 5.040310211521438e-05 5.0330040407913514e-05 4.978624498197173e-05 4.953814178057674e-05 4.8946079953183785e-05 4.711271034447182e-05 4.632169498746532e-05 4.5903138848181105e-05 4.5821912827429984e-05 4.530706234983254e-05 4.4606697621518177e-05 4.458831876444746e-05 4.4112962307709924e-05 4.315834045648065e-05 4.279570773158124e-05 4.2770437265999185e-05 4.2212042349669116e-05 4.12528992397379e-05 4.119853212586913e-05 4.11083209217234e-05 4.105790719768949e-05 4.04350767162376e-05 4.032273847345894e-05 3.9910020854311254e-05 3.9686570630409365e-05 3.95047806767938e-05 3.802227307374473e-05 3.7533807036605974e-05 3.695610433041508e-05 3.65311758502715e-05 3.639047417515884e-05 3.5882977392301716e-05 3.5754435164331426e-05 3.55324150738582e-05 3.493724506948394e-05 3.385594048736524e-05 3.253112296946351e-05 3.2064650068990394e-05 3.190161276106535e-05 3.1436844449098086e-05 3.117127786585266e-05 3.093955293290626e-05 3.058942857578012e-05 2.9889740334173182e-05 2.9874227587029848e-05 2.975522712026902e-05 2.9565950165950398e-05 2.9450715564137563e-05 2.924478643424564e-05 2.920928538130651e-05 2.875217548818027e-05 2.832103242367026e-05 2.816828427633071e-05 2.8122822105724353e-05 2.80693365039122e-05 2.7899781087471996e-05 2.7514423112321764e-05 2.7500104082072582e-05 2.729647065409698e-05 2.7253637761955434e-05 2.6689050693668913e-05 2.6645912252632836e-05 2.6033584672378837e-05 2.5182549527008818e-05 2.509210571161593e-05 2.4760320252149862e-05 2.431766111901388e-05 2.4115304429996195e-05 2.3700569017534e-05 2.364644603828861e-05 2.3182078520645795e-05 2.3114940182381725e-05 2.3006097273195473e-05 2.2766500641499254e-05 2.2734973438243084e-05 2.272538138209528e-05 2.227895494745054e-05 2.1862301548190184e-05 2.184390007992804e-05 2.1748035208178382e-05 2.150005892804928e-05 2.1245926265346576e-05 2.1158310051662838e-05 2.0803830261933397e-05 2.0545556754560082e-05 2.0151575029947348e-05 1.9217820597407153e-05 1.905723198786325e-05 1.8912170055269845e-05 1.887420801394881e-05 1.8863699093967546e-05 1.8452347422599975e-05 1.8293296310693368e-05 1.8236392155925933e-05 1.8067416240265943e-05 1.8030297247479155e-05 1.7326531990032616e-05 1.7297087865924267e-05 1.726906050908654e-05 1.71664125074821e-05 1.7134131751630607e-05 1.7072706719145765e-05 1.6935431585843496e-05 1.6781015700283346e-05 1.666914056215482e-05 1.6628599442363542e-05 1.6500069482104787e-05 1.6342471646889706e-05 1.632479345838529e-05 1.584491997746752e-05 1.5261089985883608e-05 1.5181200511783712e-05 1.5035383414756706e-05 1.495397103776655e-05 1.4857418495321673e-05 1.4187473734848782e-05 1.4167769105981998e-05 1.4121266683821503e-05 1.3798148917036643e-05 1.3025646359691145e-05 1.2955925350492338e-05 1.2785045803550138e-05 1.2586561079136834e-05 1.2538461070803081e-05 1.2481062273299508e-05 1.2038319653511835e-05 1.1939726807625173e-05 1.1937515354411318e-05 1.1792879237876512e-05 1.1552815977703112e-05 1.1537662205187537e-05 1.1425396560756048e-05 1.1279196192062975e-05 1.112997181334082e-05 1.1114036612075937e-05 1.1076571691483155e-05 1.1024524356184136e-05 1.0682128159883466e-05 1.0663220256200388e-05 1.0615605774963163e-05 1.0589608890425398e-05 1.0574730411877058e-05 1.0521402666995882e-05 1.0388411260893748e-05 1.0171973149765172e-05 1.0101377906075982e-05 1.009607900527648e-05 9.895294383768784e-06 9.858126948442465e-06 9.789574134001724e-06 9.758219420042393e-06 9.557355205958598e-06 9.447950736096756e-06 9.424176465614951e-06 9.30366701517031e-06 9.283586855041792e-06 9.20936087443244e-06 9.132553545219666e-06 9.007840649521884e-06 8.971271260085914e-06 8.927575835588045e-06 8.877439321660783e-06 8.8324261242682e-06 8.807635342533177e-06 8.77777339333534e-06 8.702611275839907e-06 8.617165722572501e-06 8.53913854224738e-06 8.386203248936196e-06 8.365203569793701e-06 8.340660792517424e-06 8.220147070702883e-06 8.127956535539268e-06 8.03420466772341e-06 7.974245665371711e-06 7.9400632986372e-06 7.74007976665051e-06 7.730571970175714e-06 7.479242941844419e-06 7.46482871958543e-06 7.4170831865305775e-06 7.416728830316703e-06 7.350126598407874e-06 7.27205043202672e-06 7.200615899155602e-06 7.1580705810375185e-06 7.0008064287912516e-06 6.837248038780178e-06 6.809470463905343e-06 6.7660250733208475e-06 6.747060268517387e-06 6.66563348681415e-06 6.596252548680406e-06 6.546711857297751e-06 6.44438610575578e-06 6.4418566300171665e-06 6.345273465073267e-06 6.295879903008324e-06 6.289431839293678e-06 6.210683162241508e-06 6.203555865163882e-06 6.112914559470126e-06 6.092438697422142e-06 5.987435088385554e-06 5.950112375226887e-06 5.768312089524777e-06 5.579201311830723e-06 5.47839145726729e-06 5.38263242272043e-06 5.362836231378435e-06 5.291352249255422e-06 5.088480371133765e-06 4.856499399526479e-06 4.731205195332401e-06 4.681184059444115e-06 4.666405994579791e-06 4.587401635593869e-06 4.560645565157931e-06 4.528504190569464e-06 4.520031743690356e-06 4.503920022603298e-06 4.4428063228176594e-06 4.321237109933829e-06 4.290090037020851e-06 4.2453373991138595e-06 4.242729071601573e-06 4.164981237932792e-06 4.143135959008771e-06 4.140898613464126e-06 4.1320242356069875e-06 4.092479971997378e-06 4.0571334476339605e-06 4.0459961591427785e-06 3.993862602973723e-06 3.963479494781432e-06 3.959291162492642e-06 3.938295884613642e-06 3.852601532482293e-06 3.819419188044555e-06 3.74929151134705e-06 3.74746991967009e-06 3.61761742262327e-06 3.477023257964151e-06 3.3738227700147333e-06 3.287067446521559e-06 3.2771312655280477e-06 3.23630611395031e-06 3.2123281270892614e-06 3.163009499100199e-06 3.1301814214410077e-06 3.124123734253251e-06 3.060915300324464e-06 2.980894496974431e-06 2.9657486390972735e-06 2.9207674554679894e-06 2.83857370777167e-06 2.8301795661310066e-06 2.8276010904229513e-06 2.8074541521233394e-06 2.742476040268158e-06 2.716650211983652e-06 2.6991278516138114e-06 2.687238827364458e-06 2.622795069878359e-06 2.5965626761843093e-06 2.591269388146563e-06 2.577723813327066e-06 2.561156075005074e-06 2.5597653036316495e-06 2.5585191055303615e-06 2.5552384506393583e-06 2.533084463537759e-06 2.5124832084171342e-06 2.493225616350061e-06 2.489572415932289e-06 2.461969325115386e-06 2.4061330061411816e-06 2.380130298204431e-06 2.255927855174456e-06 2.2522426947238116e-06 2.242747843372492e-06 2.219308443358711e-06 2.1610168480581834e-06 2.157509368962258e-06 2.1314291253139563e-06 2.0533988743056294e-06 2.0299811717042173e-06 2.0114551133356934e-06 1.9337364550618343e-06 1.9277011231544325e-06 1.9055456038830248e-06 1.880596405556952e-06 1.8628028828175207e-06 1.8252055838814315e-06 1.8034700037990796e-06 1.7998613000643967e-06 1.7969891438908201e-06 1.7540742008152377e-06 1.746980875344706e-06 1.697973483727586e-06 1.6711591097602557e-06 1.6695750908277163e-06 1.6377255125714343e-06 1.635175734297691e-06 1.580963915936634e-06 1.5634874386884945e-06 1.55886627642749e-06 1.5220567159105289e-06 1.499716013087163e-06 1.4265244890459732e-06 1.408765089827389e-06 1.3871659443886051e-06 1.3739585090331968e-06 1.369432059298252e-06 1.3614270413909323e-06 1.3384726634972448e-06 1.3287914424907274e-06 1.3257911879320613e-06 1.3097249827456297e-06 1.3005235581476344e-06 1.271562956890083e-06 1.2490668772251588e-06 1.2301787784771034e-06 1.2026613065782368e-06 1.1818784548919499e-06 1.1773489228075082e-06 1.0817016088378861e-06 1.0714028135070373e-06 1.034052463990262e-06 1.010029936653985e-06 1.0082055802714138e-06 9.853508956118915e-07 9.845563688084897e-07 9.436097586944862e-07 9.285473520190256e-07 9.253116291151736e-07 9.240126811295011e-07 9.23945854516933e-07 9.156140077266829e-07 8.979560492834267e-07 8.944041876805311e-07 8.827631479420684e-07 8.741833365368983e-07 8.413182954812944e-07 8.405612770443192e-07 8.325285184933949e-07 8.16642886251205e-07 8.154304432627143e-07 8.122598365306321e-07 8.030093256073764e-07 7.998379037929504e-07 7.976060905540137e-07 7.872434476840609e-07 7.845842944497927e-07 7.780995121498288e-07 7.771004063263413e-07 7.682700517740403e-07 7.549017179208775e-07 7.029542001601099e-07 7.028073086354042e-07 6.857157614074151e-07 6.847755321198555e-07 6.308934349677166e-07 6.236951898928738e-07 6.227215589775463e-07 6.077433670968208e-07 6.06947938844321e-07 5.834167807410367e-07 5.733232669800555e-07 5.711575557896138e-07 5.686646833876501e-07 5.658778319148656e-07 5.616319529529598e-07 5.615570160716812e-07 5.444969088494593e-07 5.38588127784957e-07 5.375748098931028e-07 5.373840674937145e-07 5.1746353029288e-07 4.862792078775006e-07 4.292332080246743e-07 4.2920669711230444e-07 4.125652670787275e-07 4.105908673413857e-07 3.888967913210393e-07 3.5839058520057907e-07 3.537736138598712e-07 3.4881897214434707e-07 3.478606808386216e-07 3.345866535851519e-07 3.3438112065351535e-07 3.318017295929003e-07 3.1318112759660587e-07 3.069567208784521e-07 3.0354516954525463e-07 2.9911567304443156e-07 2.9256505323329795e-07 2.922771498001711e-07 2.810237029579859e-07 2.7949922290708e-07 2.7629542540519757e-07 2.7600328653804506e-07 2.716445094026884e-07 2.671365802005529e-07 2.646968545807581e-07 2.633022222300953e-07 2.606241866764154e-07 2.60053604592328e-07 2.5946607246054195e-07 2.519583180682362e-07 2.416759891363385e-07 2.3586846952177705e-07 2.3416451918557418e-07 2.334912600710589e-07 2.2724681923094872e-07 2.1704103863526708e-07 2.1672690980222085e-07 2.1474133598570267e-07 2.14348511187573e-07 1.9084573481514396e-07 1.8957727394823074e-07 1.884059298332844e-07 1.5840256588122388e-07 1.575818501487973e-07 1.4870885708722673e-07 1.4656018260629915e-07 1.42967711408333e-07 1.4295179040291637e-07 1.4242130536626573e-07 1.4226886738073753e-07 1.2727955080464784e-07 1.267131265917482e-07 1.2060468155185432e-07 1.1897145452725448e-07 1.1642027749082074e-07 1.1597606808035746e-07 1.0419981054608949e-07 1.0297933432110615e-07 1.0165081406104852e-07 1.0136786832559488e-07 9.500210649353875e-08 9.277965391581867e-08 9.217890179060834e-08 9.209607710465976e-08 8.854339216516121e-08 8.050937907374072e-08 7.968954677313937e-08 7.943526180810448e-08 7.935729152402835e-08 7.92189604070237e-08 7.838632578459534e-08 6.401386115955285e-08 6.289981631820751e-08 6.269929368349914e-08 6.268032744978864e-08 6.250665402514705e-08 5.2271153588747155e-08 4.8810757748866294e-08 4.879952963496607e-08 3.636512964154977e-08 3.5441467631622985e-08 3.267358546496958e-08 3.18337684148264e-08 3.028559403079465e-08 3.024291674518499e-08 2.465977184790562e-08 2.4221111334798952e-08 2.356894844577238e-08 2.3529794555171457e-08 1.9606940102528824e-08 1.9407082349953372e-08 1.311436222096922e-08 1.307771718058423e-08 8.307481947838063e-09 8.297629286781695e-09 8.295760973917573e-09 8.289190821850924e-09 1.8976988123398545e-09 0.0 0.0 0.0 0.0 0.0 0.0 0.0 0.0 0.0 0.0 0.0 0.0 0.0 0.0 0.0 0.0 0.0 0.0 0.0 0.0 0.0 0.0 0.0 0.0 0.0 0.0 0.0 0.0 0.0 0.0 0.0 0.0 0.0 0.0 0.0 0.0 0.0 0.0 0.0 0.0 0.0 0.0 0.0 0.0 0.0 0.0 0.0 0.0 0.0 0.0 0.0 0.0 0.0 0.0 0.0 0.0 0.0 0.0 0.0 0.0 0.0 0.0 0.0 0.0 0.0 0.0 0.0 0.0 0.0 0.0 0.0 0.0 0.0 0.0 0.0 0.0 0.0 0.0 0.0 0.0 0.0 0.0 0.0 0.0 0.0 0.0 0.0 0.0 0.0 0.0 0.0 0.0 0.0 0.0 0.0 0.0 0.0 0.0 0.0 0.0 0.0 0.0 0.0 0.0 0.0 0.0 0.0 0.0 0.0 0.0 0.0 0.0 0.0 0.0 0.0 0.0 0.0 0.0 0.0 0.0 0.0 0.0 0.0 0.0 0.0 0.0 0.0 0.0 0.0 0.0 0.0 0.0 0.0 0.0 0.0 0.0 0.0 0.0 0.0 0.0 0.0 0.0 0.0 0.0 0.0 0.0 0.0 0.0 0.0 0.0 0.0 0.0 0.0 0.0 0.0 0.0 0.0 0.0 0.0 0.0 0.0 0.0 0.0 0.0 0.0 0.0 0.0 0.0 0.0 0.0 0.0 0.0 0.0 0.0 0.0 0.0 0.0 0.0 0.0 0.0 0.0 0.0 0.0 0.0 0.0 0.0 0.0 0.0 0.0 0.0 0.0 0.0 0.0 0.0 0.0 0.0 0.0 0.0 0.0 0.0 0.0 0.0 0.0 0.0 0.0 0.0 0.0 0.0 0.0 0.0 0.0 0.0 0.0 0.0 0.0 0.0 0.0 0.0 0.0 0.0 0.0 0.0 0.0 0.0 0.0 0.0 0.0 0.0 0.0 0.0 0.0 0.0 0.0 0.0 0.0 0.0 0.0 0.0 0.0 0.0 0.0 0.0 0.0 0.0 0.0 0.0 0.0 0.0 0.0 0.0 0.0 0.0 0.0 0.0 0.0 0.0 0.0 0.0 0.0 0.0 0.0 0.0 0.0 0.0 0.0 0.0 0.0 0.0 0.0 0.0 0.0 0.0 0.0 0.0 0.0 0.0 0.0 0.0 0.0 0.0 0.0 0.0 0.0 0.0 0.0 0.0 0.0 0.0 0.0 0.0 0.0 0.0 0.0 0.0 0.0 0.0 0.0 0.0 0.0 0.0 0.0 0.0 0.0 0.0 0.0 0.0 0.0 0.0 0.0 0.0 0.0 0.0 0.0 0.0 0.0 0.0 0.0 0.0 0.0 0.0 0.0 0.0 0.0 0.0 0.0 0.0 0.0 0.0 0.0 0.0 0.0 0.0 0.0 0.0 0.0 0.0 0.0 0.0 0.0 0.0 0.0 0.0 0.0 0.0 0.0 0.0 0.0 0.0 0.0 0.0 0.0 0.0 0.0 0.0 0.0 0.0 0.0 0.0 0.0 0.0 0.0 0.0 0.0 0.0 0.0 0.0 0.0 0.0 0.0 0.0 0.0 0.0 0.0 0.0 0.0 0.0 0.0 0.0 0.0 0.0 0.0 0.0 0.0 0.0 0.0 0.0 0.0 0.0 0.0 0.0 0.0 0.0 0.0 0.0 0.0 0.0 0.0 0.0 0.0 0.0 0.0 0.0 0.0 0.0 0.0 0.0 0.0 0.0 0.0 0.0 0.0 0.0 0.0 0.0 0.0 0.0 0.0 0.0 0.0 0.0 0.0 0.0 0.0 0.0 0.0 0.0 0.0 0.0 0.0 0.0 0.0 0.0 0.0 0.0 0.0 0.0 0.0 0.0 0.0 0.0 0.0 0.0 0.0 0.0 0.0 0.0 0.0 0.0 0.0 0.0 0.0 0.0 0.0 0.0 0.0
## eigenvalues of T0123h real 1.062759326550318 0.41418657003044895 0.34248517304452797 0.2450044427330493 0.14884141170355772 0.135413163512222 0.12699605479964549 0.09447648212589108 0.09014170575943543 0.08205796682736541 0.07747451317874662 0.053871553477996756 0.05241219548900983 0.046758790514192274 0.04084450914807334 0.0399795289978266 0.03932818582583372 0.03929011041723241 0.031899489863628415 0.02876491731646475 0.025706476785542987 0.024713576912142314 0.024610714980325372 0.023743030970305178 0.023005626224155303 0.021769950818752826 0.02033279764357718 0.01962796494282598 0.0194064253407963 0.017792943890103503 0.016373460452957872 0.014984599672531566 0.014371244319839887 0.012956521516654754 0.01287691046508985 0.012357040468763139 0.012050792454917624 0.011914630048429659 0.011090792408523833 0.010964393385600294 0.01056299214156839 0.010506582137440724 0.010251291600046052 0.010022695549564902 0.009041835855026542 0.007950889585515122 0.0077532500640675045 0.0077114834377886585 0.007291356105468126 0.00707776466495237 0.006996739224530063 0.006743014486495087 0.006533521821136047 0.006339006563920263 0.006333386209875037 0.006260307708140278 0.00594771339137359 0.0057196667192265915 0.005486677954341006 0.0053606743624962285 0.005139780045289018 0.00511902648360279 0.0050790552095895765 0.00493620733659535 0.004491645473463544 0.00446092189605047 0.004273118516921809 0.004144263897192936 0.003928343208834823 0.003877161762080547 0.00385696560584408 0.003845943634335385 0.0038394563832879853 0.0037993039275251487 0.0037317067752687533 0.0034284172424204084 0.0033842367359891443 0.0031463512093721463 0.0030630890603485688 0.002957873608886782 0.0028141437440749343 0.002790373932999765 0.0026454395671547844 0.0025918573675910777 0.00256877968212559 0.002497194273816601 0.0024627733220786673 0.0024171537962859478 0.0024148721335800222 0.002373124824608218 0.0022299922402995854 0.002212403747844145 0.0021558433923033428 0.002151823261920284 0.002126224565778182 0.002090015307397806 0.002085220345227729 0.0020635313370085465 0.0020532725485959036 0.0020353770881103594 0.0019918530799421454 0.0018400857634778259 0.0017635244189655108 0.0017087797711203838 0.0016545287464386305 0.001593711352867227 0.0015784816414479124 0.0015334279154679757 0.0015318433145515863 0.0015228682340468014 0.001512694755106235 0.0014757638012702053 0.001452019245971862 0.0013682692854421468 0.0013547347643776476 0.0013546779459683172 0.001326339397528375 0.0012925649412352065 0.0012816980618997047 0.001279041232458045 0.0012598809417679576 0.0012454689475959377 0.0012403541351388631 0.0012350074230047553 0.0012260090325060078 0.0011965384409386103 0.0011787723734679365 0.0011769662444496185 0.0011583479684427953 0.0011542331230992072 0.0011317430456119968 0.0010996837978326267 0.001099497915641409 0.0010821133156181488 0.001058836433380767 0.0010278907983846542 0.0010228390300846216 0.0009925097690185478 0.0009863336983709796 0.0009838343028144131 0.0009111765681660784 0.0008789196520087707 0.0008581385934517186 0.0008229559428114386 0.0008227101198364252 0.0008174556824710243 0.0007849625457757317 0.0007675386378531851 0.0007637494721825823 0.0007619976870397006 0.0007339203579940593 0.0007320281880818074 0.0007063364574204788 0.0007063202877921859 0.0006881972412850451 0.0006694900547170601 0.0006663210972000103 0.0006643661050765846 0.0006501091501480087 0.0006415537946777623 0.0006318532722495802 0.0006201158376263249 0.0005997799146741348 0.0005823835199686751 0.0005779318041741207 0.0005776655779973297 0.0005665099557915412 0.0005565602500695365 0.0005307884164061281 0.0005165205665546525 0.0005151981695758217 0.0004917589125674675 0.00048125626583579847 0.0004783757969038459 0.00047683137182243405 0.0004732197092066235 0.00047266060466591664 0.0004720543998414455 0.0004683640200943084 0.0004588921736851819 0.0004484912925422216 0.000444045937943869 0.00043806799415692084 0.0004336645502630871 0.0004323883860166518 0.00042610588636728293 0.00041137025799996014 0.00041121552386825605 0.0004100663443089622 0.00040469923549835813 0.0004033039597623216 0.0004021277015048385 0.0004016585572679749 0.0003962582970640643 0.0003943584564859598 0.00037550622473148706 0.00037476897155232306 0.0003718094869050976 0.00036765983457339157 0.0003635142594311768 0.0003514196133229974 0.0003463687351519598 0.0003448299204878884 0.0003434294968915648 0.0003423964273758569 0.0003416840247334737 0.0003408388426612503 0.00033787951300129186 0.0003317296216931874 0.00032839830337126716 0.0003253951719250685 0.00031444636677344285 0.000304086432962869 0.00030157331673415493 0.00029819554973406563 0.0002976050326422748 0.0002942305676228774 0.0002941267939433254 0.00029359301324019104 0.00028944743442700215 0.0002834612534880066 0.0002742018690670324 0.000273792225194512 0.00027311264934271523 0.00027021504000368323 0.00026933207518979157 0.0002624454200695582 0.00025754566650603344 0.00025355076279999923 0.00025189892567739457 0.0002457613236342756 0.00024430677996097115 0.00023629157228741588 0.00023571617219604035 0.00023565228567364683 0.00023224418061982446 0.00022805612102282574 0.0002266353900419539 0.00022317685384422908 0.00022313780420559807 0.00022203932659817585 0.00021586026153044198 0.00021554873995317808 0.00020915294483674052 0.0002064023023146283 0.00020192698585711445 0.00019696182958755607 0.00019625167514262636 0.00019196104614731575 0.00019088369449596473 0.00019042265980631547 0.0001879185480343567 0.0001842438152750142 0.0001822768779237832 0.00018093283465867442 0.0001691788099092796 0.0001679752831305187 0.000163801809570975 0.0001633955634643515 0.0001625635401569465 0.000158893541431911 0.0001571962275236445 0.00015706016190473248 0.00015477558758993207 0.00015259299436306493 0.00014826937762927128 0.00014472598306265494 0.00014377011044650607 0.00014124441524569596 0.0001399691927002893 0.0001396826246971331 0.00013794393021879703 0.00013705324400554322 0.00013492297609545955 0.00013322746924963226 0.00013237903756607938 0.00013199581195028352 0.00012742570622217045 0.00012717546026247528 0.0001254603297114156 0.00012417281151444394 0.00012388610995201583 0.00012230464041081888 0.00012142098264080565 0.00011927502087791111 0.00011603136454494898 0.00011576538858134295 0.00011493963799788988 0.00011280392484029568 0.0001110209458645825 0.00010954005101499663 0.00010830551343655339 0.00010713571554057349 0.00010603505905737081 0.0001060222923592956 0.00010523782442350122 0.00010445344846017092 0.00010444393324730691 0.00010411634006852387 0.0001016435605023175 0.00010132809073683543 0.0001009186809353342 9.978846743292623e-05 9.96787636005578e-05 9.765049599792246e-05 9.750982246914359e-05 9.736826800057539e-05 9.6927107219159e-05 9.571147940930153e-05 9.090346054278913e-05 9.06978092962812e-05 9.056452657940376e-05 8.760854736380094e-05 8.684017107705477e-05 8.61690710874551e-05 8.610852398768005e-05 8.428150765486514e-05 8.348761932151253e-05 8.205586808108465e-05 8.131137483694968e-05 8.075461624783818e-05 7.954325638497114e-05 7.923807810760288e-05 7.846898736685888e-05 7.812152385559687e-05 7.753528117515284e-05 7.730491994099734e-05 7.72561968734244e-05 7.703846607668025e-05 7.644353019073418e-05 7.525201161909442e-05 7.475816858815418e-05 7.377181863343287e-05 7.297018133955383e-05 7.231311002043315e-05 7.184043779634447e-05 7.085883500467656e-05 6.991927821951452e-05 6.958686666027922e-05 6.909513144299942e-05 6.851654581147797e-05 6.829940416895333e-05 6.573149774130049e-05 6.416285811763091e-05 6.37383558475179e-05 6.361513262277445e-05 6.266725630484642e-05 6.258899872631524e-05 6.247060426439426e-05 5.9419926315521854e-05 5.886438143272087e-05 5.734491785519513e-05 5.662153527308689e-05 5.561790016762227e-05 5.5297297090584985e-05 5.5283374574211294e-05 5.494783231578286e-05 5.330769607278806e-05 5.300347036624962e-05 5.243829025860262e-05 5.2262825417496386e-05 5.1994790629888616e-05 5.1591261159751466e-05 5.040310211521438e-05 5.0330040407913514e-05 4.978624498197173e-05 4.953814178057674e-05 4.8946079953183785e-05 4.711271034447182e-05 4.632169498746532e-05 4.5903138848181105e-05 4.5821912827429984e-05 4.530706234983254e-05 4.4606697621518177e-05 4.458831876444746e-05 4.4112962307709924e-05 4.315834045648065e-05 4.279570773158124e-05 4.2770437265999185e-05 4.2212042349669116e-05 4.12528992397379e-05 4.119853212586913e-05 4.11083209217234e-05 4.105790719768949e-05 4.04350767162376e-05 4.032273847345894e-05 3.9910020854311254e-05 3.9686570630409365e-05 3.95047806767938e-05 3.802227307374473e-05 3.7533807036605974e-05 3.695610433041508e-05 3.65311758502715e-05 3.639047417515884e-05 3.5882977392301716e-05 3.5754435164331426e-05 3.55324150738582e-05 3.493724506948394e-05 3.385594048736524e-05 3.253112296946351e-05 3.2064650068990394e-05 3.190161276106535e-05 3.1436844449098086e-05 3.117127786585266e-05 3.093955293290626e-05 3.058942857578012e-05 2.9889740334173182e-05 2.9874227587029848e-05 2.975522712026902e-05 2.9565950165950398e-05 2.9450715564137563e-05 2.924478643424564e-05 2.920928538130651e-05 2.875217548818027e-05 2.832103242367026e-05 2.816828427633071e-05 2.8122822105724353e-05 2.80693365039122e-05 2.7899781087471996e-05 2.7514423112321764e-05 2.7500104082072582e-05 2.729647065409698e-05 2.7253637761955434e-05 2.6689050693668913e-05 2.6645912252632836e-05 2.6033584672378837e-05 2.5182549527008818e-05 2.509210571161593e-05 2.4760320252149862e-05 2.431766111901388e-05 2.4115304429996195e-05 2.3700569017534e-05 2.364644603828861e-05 2.3182078520645795e-05 2.3114940182381725e-05 2.3006097273195473e-05 2.2766500641499254e-05 2.2734973438243084e-05 2.272538138209528e-05 2.227895494745054e-05 2.1862301548190184e-05 2.184390007992804e-05 2.1748035208178382e-05 2.150005892804928e-05 2.1245926265346576e-05 2.1158310051662838e-05 2.0803830261933397e-05 2.0545556754560082e-05 2.0151575029947348e-05 1.9217820597407153e-05 1.905723198786325e-05 1.8912170055269845e-05 1.887420801394881e-05 1.8863699093967546e-05 1.8452347422599975e-05 1.8293296310693368e-05 1.8236392155925933e-05 1.8067416240265943e-05 1.8030297247479155e-05 1.7326531990032616e-05 1.7297087865924267e-05 1.726906050908654e-05 1.71664125074821e-05 1.7134131751630607e-05 1.7072706719145765e-05 1.6935431585843496e-05 1.6781015700283346e-05 1.666914056215482e-05 1.6628599442363542e-05 1.6500069482104787e-05 1.6342471646889706e-05 1.632479345838529e-05 1.584491997746752e-05 1.5261089985883608e-05 1.5181200511783712e-05 1.5035383414756706e-05 1.495397103776655e-05 1.4857418495321673e-05 1.4187473734848782e-05 1.4167769105981998e-05 1.4121266683821503e-05 1.3798148917036643e-05 1.3025646359691145e-05 1.2955925350492338e-05 1.2785045803550138e-05 1.2586561079136834e-05 1.2538461070803081e-05 1.2481062273299508e-05 1.2038319653511835e-05 1.1939726807625173e-05 1.1937515354411318e-05 1.1792879237876512e-05 1.1552815977703112e-05 1.1537662205187537e-05 1.1425396560756048e-05 1.1279196192062975e-05 1.112997181334082e-05 1.1114036612075937e-05 1.1076571691483155e-05 1.1024524356184136e-05 1.0682128159883466e-05 1.0663220256200388e-05 1.0615605774963163e-05 1.0589608890425398e-05 1.0574730411877058e-05 1.0521402666995882e-05 1.0388411260893748e-05 1.0171973149765172e-05 1.0101377906075982e-05 1.009607900527648e-05 9.895294383768784e-06 9.858126948442465e-06 9.789574134001724e-06 9.758219420042393e-06 9.557355205958598e-06 9.447950736096756e-06 9.424176465614951e-06 9.30366701517031e-06 9.283586855041792e-06 9.20936087443244e-06 9.132553545219666e-06 9.007840649521884e-06 8.971271260085914e-06 8.927575835588045e-06 8.877439321660783e-06 8.8324261242682e-06 8.807635342533177e-06 8.77777339333534e-06 8.702611275839907e-06 8.617165722572501e-06 8.53913854224738e-06 8.386203248936196e-06 8.365203569793701e-06 8.340660792517424e-06 8.220147070702883e-06 8.127956535539268e-06 8.03420466772341e-06 7.974245665371711e-06 7.9400632986372e-06 7.74007976665051e-06 7.730571970175714e-06 7.479242941844419e-06 7.46482871958543e-06 7.4170831865305775e-06 7.416728830316703e-06 7.350126598407874e-06 7.27205043202672e-06 7.200615899155602e-06 7.1580705810375185e-06 7.0008064287912516e-06 6.837248038780178e-06 6.809470463905343e-06 6.7660250733208475e-06 6.747060268517387e-06 6.66563348681415e-06 6.596252548680406e-06 6.546711857297751e-06 6.44438610575578e-06 6.4418566300171665e-06 6.345273465073267e-06 6.295879903008324e-06 6.289431839293678e-06 6.210683162241508e-06 6.203555865163882e-06 6.112914559470126e-06 6.092438697422142e-06 5.987435088385554e-06 5.950112375226887e-06 5.768312089524777e-06 5.579201311830723e-06 5.47839145726729e-06 5.38263242272043e-06 5.362836231378435e-06 5.291352249255422e-06 5.088480371133765e-06 4.856499399526479e-06 4.731205195332401e-06 4.681184059444115e-06 4.666405994579791e-06 4.587401635593869e-06 4.560645565157931e-06 4.528504190569464e-06 4.520031743690356e-06 4.503920022603298e-06 4.4428063228176594e-06 4.321237109933829e-06 4.290090037020851e-06 4.2453373991138595e-06 4.242729071601573e-06 4.164981237932792e-06 4.143135959008771e-06 4.140898613464126e-06 4.1320242356069875e-06 4.092479971997378e-06 4.0571334476339605e-06 4.0459961591427785e-06 3.993862602973723e-06 3.963479494781432e-06 3.959291162492642e-06 3.938295884613642e-06 3.852601532482293e-06 3.819419188044555e-06 3.74929151134705e-06 3.74746991967009e-06 3.61761742262327e-06 3.477023257964151e-06 3.3738227700147333e-06 3.287067446521559e-06 3.2771312655280477e-06 3.23630611395031e-06 3.2123281270892614e-06 3.163009499100199e-06 3.1301814214410077e-06 3.124123734253251e-06 3.060915300324464e-06 2.980894496974431e-06 2.9657486390972735e-06 2.9207674554679894e-06 2.83857370777167e-06 2.8301795661310066e-06 2.8276010904229513e-06 2.8074541521233394e-06 2.742476040268158e-06 2.716650211983652e-06 2.6991278516138114e-06 2.687238827364458e-06 2.622795069878359e-06 2.5965626761843093e-06 2.591269388146563e-06 2.577723813327066e-06 2.561156075005074e-06 2.5597653036316495e-06 2.5585191055303615e-06 2.5552384506393583e-06 2.533084463537759e-06 2.5124832084171342e-06 2.493225616350061e-06 2.489572415932289e-06 2.461969325115386e-06 2.4061330061411816e-06 2.380130298204431e-06 2.255927855174456e-06 2.2522426947238116e-06 2.242747843372492e-06 2.219308443358711e-06 2.1610168480581834e-06 2.157509368962258e-06 2.1314291253139563e-06 2.0533988743056294e-06 2.0299811717042173e-06 2.0114551133356934e-06 1.9337364550618343e-06 1.9277011231544325e-06 1.9055456038830248e-06 1.880596405556952e-06 1.8628028828175207e-06 1.8252055838814315e-06 1.8034700037990796e-06 1.7998613000643967e-06 1.7969891438908201e-06 1.7540742008152377e-06 1.746980875344706e-06 1.697973483727586e-06 1.6711591097602557e-06 1.6695750908277163e-06 1.6377255125714343e-06 1.635175734297691e-06 1.580963915936634e-06 1.5634874386884945e-06 1.55886627642749e-06 1.5220567159105289e-06 1.499716013087163e-06 1.4265244890459732e-06 1.408765089827389e-06 1.3871659443886051e-06 1.3739585090331968e-06 1.369432059298252e-06 1.3614270413909323e-06 1.3384726634972448e-06 1.3287914424907274e-06 1.3257911879320613e-06 1.3097249827456297e-06 1.3005235581476344e-06 1.271562956890083e-06 1.2490668772251588e-06 1.2301787784771034e-06 1.2026613065782368e-06 1.1818784548919499e-06 1.1773489228075082e-06 1.0817016088378861e-06 1.0714028135070373e-06 1.034052463990262e-06 1.010029936653985e-06 1.0082055802714138e-06 9.853508956118915e-07 9.845563688084897e-07 9.436097586944862e-07 9.285473520190256e-07 9.253116291151736e-07 9.240126811295011e-07 9.23945854516933e-07 9.156140077266829e-07 8.979560492834267e-07 8.944041876805311e-07 8.827631479420684e-07 8.741833365368983e-07 8.413182954812944e-07 8.405612770443192e-07 8.325285184933949e-07 8.16642886251205e-07 8.154304432627143e-07 8.122598365306321e-07 8.030093256073764e-07 7.998379037929504e-07 7.976060905540137e-07 7.872434476840609e-07 7.845842944497927e-07 7.780995121498288e-07 7.771004063263413e-07 7.682700517740403e-07 7.549017179208775e-07 7.029542001601099e-07 7.028073086354042e-07 6.857157614074151e-07 6.847755321198555e-07 6.308934349677166e-07 6.236951898928738e-07 6.227215589775463e-07 6.077433670968208e-07 6.06947938844321e-07 5.834167807410367e-07 5.733232669800555e-07 5.711575557896138e-07 5.686646833876501e-07 5.658778319148656e-07 5.616319529529598e-07 5.615570160716812e-07 5.444969088494593e-07 5.38588127784957e-07 5.375748098931028e-07 5.373840674937145e-07 5.1746353029288e-07 4.862792078775006e-07 4.292332080246743e-07 4.2920669711230444e-07 4.125652670787275e-07 4.105908673413857e-07 3.888967913210393e-07 3.5839058520057907e-07 3.537736138598712e-07 3.4881897214434707e-07 3.478606808386216e-07 3.345866535851519e-07 3.3438112065351535e-07 3.318017295929003e-07 3.1318112759660587e-07 3.069567208784521e-07 3.0354516954525463e-07 2.9911567304443156e-07 2.9256505323329795e-07 2.922771498001711e-07 2.810237029579859e-07 2.7949922290708e-07 2.7629542540519757e-07 2.7600328653804506e-07 2.716445094026884e-07 2.671365802005529e-07 2.646968545807581e-07 2.633022222300953e-07 2.606241866764154e-07 2.60053604592328e-07 2.5946607246054195e-07 2.519583180682362e-07 2.416759891363385e-07 2.3586846952177705e-07 2.3416451918557418e-07 2.334912600710589e-07 2.2724681923094872e-07 2.1704103863526708e-07 2.1672690980222085e-07 2.1474133598570267e-07 2.14348511187573e-07 1.9084573481514396e-07 1.8957727394823074e-07 1.884059298332844e-07 1.5840256588122388e-07 1.575818501487973e-07 1.4870885708722673e-07 1.4656018260629915e-07 1.42967711408333e-07 1.4295179040291637e-07 1.4242130536626573e-07 1.4226886738073753e-07 1.2727955080464784e-07 1.267131265917482e-07 1.2060468155185432e-07 1.1897145452725448e-07 1.1642027749082074e-07 1.1597606808035746e-07 1.0419981054608949e-07 1.0297933432110615e-07 1.0165081406104852e-07 1.0136786832559488e-07 9.500210649353875e-08 9.277965391581867e-08 9.217890179060834e-08 9.209607710465976e-08 8.854339216516121e-08 8.050937907374072e-08 7.968954677313937e-08 7.943526180810448e-08 7.935729152402835e-08 7.92189604070237e-08 7.838632578459534e-08 6.401386115955285e-08 6.289981631820751e-08 6.269929368349914e-08 6.268032744978864e-08 6.250665402514705e-08 5.2271153588747155e-08 4.8810757748866294e-08 4.879952963496607e-08 3.636512964154977e-08 3.5441467631622985e-08 3.267358546496958e-08 3.18337684148264e-08 3.028559403079465e-08 3.024291674518499e-08 2.465977184790562e-08 2.4221111334798952e-08 2.356894844577238e-08 2.3529794555171457e-08 1.9606940102528824e-08 1.9407082349953372e-08 1.311436222096922e-08 1.307771718058423e-08 8.307481947838063e-09 8.297629286781695e-09 8.295760973917573e-09 8.289190821850924e-09 1.8976988123398545e-09 0.0 0.0 0.0 0.0 0.0 0.0 0.0 0.0 0.0 0.0 0.0 0.0 0.0 0.0 0.0 0.0 0.0 0.0 0.0 0.0 0.0 0.0 0.0 0.0 0.0 0.0 0.0 0.0 0.0 0.0 0.0 0.0 0.0 0.0 0.0 0.0 0.0 0.0 0.0 0.0 0.0 0.0 0.0 0.0 0.0 0.0 0.0 0.0 0.0 0.0 0.0 0.0 0.0 0.0 0.0 0.0 0.0 0.0 0.0 0.0 0.0 0.0 0.0 0.0 0.0 0.0 0.0 0.0 0.0 0.0 0.0 0.0 0.0 0.0 0.0 0.0 0.0 0.0 0.0 0.0 0.0 0.0 0.0 0.0 0.0 0.0 0.0 0.0 0.0 0.0 0.0 0.0 0.0 0.0 0.0 0.0 0.0 0.0 0.0 0.0 0.0 0.0 0.0 0.0 0.0 0.0 0.0 0.0 0.0 0.0 0.0 0.0 0.0 0.0 0.0 0.0 0.0 0.0 0.0 0.0 0.0 0.0 0.0 0.0 0.0 0.0 0.0 0.0 0.0 0.0 0.0 0.0 0.0 0.0 0.0 0.0 0.0 0.0 0.0 0.0 0.0 0.0 0.0 0.0 0.0 0.0 0.0 0.0 0.0 0.0 0.0 0.0 0.0 0.0 0.0 0.0 0.0 0.0 0.0 0.0 0.0 0.0 0.0 0.0 0.0 0.0 0.0 0.0 0.0 0.0 0.0 0.0 0.0 0.0 0.0 0.0 0.0 0.0 0.0 0.0 0.0 0.0 0.0 0.0 0.0 0.0 0.0 0.0 0.0 0.0 0.0 0.0 0.0 0.0 0.0 0.0 0.0 0.0 0.0 0.0 0.0 0.0 0.0 0.0 0.0 0.0 0.0 0.0 0.0 0.0 0.0 0.0 0.0 0.0 0.0 0.0 0.0 0.0 0.0 0.0 0.0 0.0 0.0 0.0 0.0 0.0 0.0 0.0 0.0 0.0 0.0 0.0 0.0 0.0 0.0 0.0 0.0 0.0 0.0 0.0 0.0 0.0 0.0 0.0 0.0 0.0 0.0 0.0 0.0 0.0 0.0 0.0 0.0 0.0 0.0 0.0 0.0 0.0 0.0 0.0 0.0 0.0 0.0 0.0 0.0 0.0 0.0 0.0 0.0 0.0 0.0 0.0 0.0 0.0 0.0 0.0 0.0 0.0 0.0 0.0 0.0 0.0 0.0 0.0 0.0 0.0 0.0 0.0 0.0 0.0 0.0 0.0 0.0 0.0 0.0 0.0 0.0 0.0 0.0 0.0 0.0 0.0 0.0 0.0 0.0 0.0 0.0 0.0 0.0 0.0 0.0 0.0 0.0 0.0 0.0 0.0 0.0 0.0 0.0 0.0 0.0 0.0 0.0 0.0 0.0 0.0 0.0 0.0 0.0 0.0 0.0 0.0 0.0 0.0 0.0 0.0 0.0 0.0 0.0 0.0 0.0 0.0 0.0 0.0 0.0 0.0 0.0 0.0 0.0 0.0 0.0 0.0 0.0 0.0 0.0 0.0 0.0 0.0 0.0 0.0 0.0 0.0 0.0 0.0 0.0 0.0 0.0 0.0 0.0 0.0 0.0 0.0 0.0 0.0 0.0 0.0 0.0 0.0 0.0 0.0 0.0 0.0 0.0 0.0 0.0 0.0 0.0 0.0 0.0 0.0 0.0 0.0 0.0 0.0 0.0 0.0 0.0 0.0 0.0 0.0 0.0 0.0 0.0 0.0 0.0 0.0 0.0 0.0 0.0 0.0 0.0 0.0 0.0 0.0 0.0 0.0 0.0 0.0 0.0 0.0 0.0 0.0 0.0 0.0 0.0 0.0 0.0 0.0 0.0 0.0 0.0 0.0 0.0 0.0 0.0 0.0 0.0 0.0 0.0 0.0 0.0 0.0 0.0 0.0 0.0 0.0 0.0 0.0 0.0 0.0 0.0 0.0 0.0 0.0 0.0
## eigenvalues of T0123h imag 0.0 0.0 0.0 0.0 0.0 0.0 0.0 0.0 0.0 0.0 0.0 0.0 0.0 0.0 0.0 0.0 0.0 0.0 0.0 0.0 0.0 0.0 0.0 0.0 0.0 0.0 0.0 0.0 0.0 0.0 0.0 0.0 0.0 0.0 0.0 0.0 0.0 0.0 0.0 0.0 0.0 0.0 0.0 0.0 0.0 0.0 0.0 0.0 0.0 0.0 0.0 0.0 0.0 0.0 0.0 0.0 0.0 0.0 0.0 0.0 0.0 0.0 0.0 0.0 0.0 0.0 0.0 0.0 0.0 0.0 0.0 0.0 0.0 0.0 0.0 0.0 0.0 0.0 0.0 0.0 0.0 0.0 0.0 0.0 0.0 0.0 0.0 0.0 0.0 0.0 0.0 0.0 0.0 0.0 0.0 0.0 0.0 0.0 0.0 0.0 0.0 0.0 0.0 0.0 0.0 0.0 0.0 0.0 0.0 0.0 0.0 0.0 0.0 0.0 0.0 0.0 0.0 0.0 0.0 0.0 0.0 0.0 0.0 0.0 0.0 0.0 0.0 0.0 0.0 0.0 0.0 0.0 0.0 0.0 0.0 0.0 0.0 0.0 0.0 0.0 0.0 0.0 0.0 0.0 0.0 0.0 0.0 0.0 0.0 0.0 0.0 0.0 0.0 0.0 0.0 0.0 0.0 0.0 0.0 0.0 0.0 0.0 0.0 0.0 0.0 0.0 0.0 0.0 0.0 0.0 0.0 0.0 0.0 0.0 0.0 0.0 0.0 0.0 0.0 0.0 0.0 0.0 0.0 0.0 0.0 0.0 0.0 0.0 0.0 0.0 0.0 0.0 0.0 0.0 0.0 0.0 0.0 0.0 0.0 0.0 0.0 0.0 0.0 0.0 0.0 0.0 0.0 0.0 0.0 0.0 0.0 0.0 0.0 0.0 0.0 0.0 0.0 0.0 0.0 0.0 0.0 0.0 0.0 0.0 0.0 0.0 0.0 0.0 0.0 0.0 0.0 0.0 0.0 0.0 0.0 0.0 0.0 0.0 0.0 0.0 0.0 0.0 0.0 0.0 0.0 0.0 0.0 0.0 0.0 0.0 0.0 0.0 0.0 0.0 0.0 0.0 0.0 0.0 0.0 0.0 0.0 0.0 0.0 0.0 0.0 0.0 0.0 0.0 0.0 0.0 0.0 0.0 0.0 0.0 0.0 0.0 0.0 0.0 0.0 0.0 0.0 0.0 0.0 0.0 0.0 0.0 0.0 0.0 0.0 0.0 0.0 0.0 0.0 0.0 0.0 0.0 0.0 0.0 0.0 0.0 0.0 0.0 0.0 0.0 0.0 0.0 0.0 0.0 0.0 0.0 0.0 0.0 0.0 0.0 0.0 0.0 0.0 0.0 0.0 0.0 0.0 0.0 0.0 0.0 0.0 0.0 0.0 0.0 0.0 0.0 0.0 0.0 0.0 0.0 0.0 0.0 0.0 0.0 0.0 0.0 0.0 0.0 0.0 0.0 0.0 0.0 0.0 0.0 0.0 0.0 0.0 0.0 0.0 0.0 0.0 0.0 0.0 0.0 0.0 0.0 0.0 0.0 0.0 0.0 0.0 0.0 0.0 0.0 0.0 0.0 0.0 0.0 0.0 0.0 0.0 0.0 0.0 0.0 0.0 0.0 0.0 0.0 0.0 0.0 0.0 0.0 0.0 0.0 0.0 0.0 0.0 0.0 0.0 0.0 0.0 0.0 0.0 0.0 0.0 0.0 0.0 0.0 0.0 0.0 0.0 0.0 0.0 0.0 0.0 0.0 0.0 0.0 0.0 0.0 0.0 0.0 0.0 0.0 0.0 0.0 0.0 0.0 0.0 0.0 0.0 0.0 0.0 0.0 0.0 0.0 0.0 0.0 0.0 0.0 0.0 0.0 0.0 0.0 0.0 0.0 0.0 0.0 0.0 0.0 0.0 0.0 0.0 0.0 0.0 0.0 0.0 0.0 0.0 0.0 0.0 0.0 0.0 0.0 0.0 0.0 0.0 0.0 0.0 0.0 0.0 0.0 0.0 0.0 0.0 0.0 0.0 0.0 0.0 0.0 0.0 0.0 0.0 0.0 0.0 0.0 0.0 0.0 0.0 0.0 0.0 0.0 0.0 0.0 0.0 0.0 0.0 0.0 0.0 0.0 0.0 0.0 0.0 0.0 0.0 0.0 0.0 0.0 0.0 0.0 0.0 0.0 0.0 0.0 0.0 0.0 0.0 0.0 0.0 0.0 0.0 0.0 0.0 0.0 0.0 0.0 0.0 0.0 0.0 0.0 0.0 0.0 0.0 0.0 0.0 0.0 0.0 0.0 0.0 0.0 0.0 0.0 0.0 0.0 0.0 0.0 0.0 0.0 0.0 0.0 0.0 0.0 0.0 0.0 0.0 0.0 0.0 0.0 0.0 0.0 0.0 0.0 0.0 0.0 0.0 0.0 0.0 0.0 0.0 0.0 0.0 0.0 0.0 0.0 0.0 0.0 0.0 0.0 0.0 0.0 0.0 0.0 0.0 0.0 0.0 0.0 0.0 0.0 0.0 0.0 0.0 0.0 0.0 0.0 0.0 0.0 0.0 0.0 0.0 0.0 0.0 0.0 0.0 0.0 0.0 0.0 0.0 0.0 0.0 0.0 0.0 0.0 0.0 0.0 0.0 0.0 0.0 0.0 0.0 0.0 0.0 0.0 0.0 0.0 0.0 0.0 0.0 0.0 0.0 0.0 0.0 0.0 0.0 0.0 0.0 0.0 0.0 0.0 0.0 0.0 0.0 0.0 0.0 0.0 0.0 0.0 0.0 0.0 0.0 0.0 0.0 0.0 0.0 0.0 0.0 0.0 0.0 0.0 0.0 0.0 0.0 0.0 0.0 0.0 0.0 0.0 0.0 0.0 0.0 0.0 0.0 0.0 0.0 0.0 0.0 0.0 0.0 0.0 0.0 0.0 0.0 0.0 0.0 0.0 0.0 0.0 0.0 0.0 0.0 0.0 0.0 0.0 0.0 0.0 0.0 0.0 0.0 0.0 0.0 0.0 0.0 0.0 0.0 0.0 0.0 0.0 0.0 0.0 0.0 0.0 0.0 0.0 0.0 0.0 0.0 0.0 0.0 0.0 0.0 0.0 0.0 0.0 0.0 0.0 0.0 0.0 0.0 0.0 0.0 0.0 0.0 0.0 0.0 0.0 0.0 0.0 0.0 0.0 0.0 0.0 0.0 0.0 0.0 0.0 0.0 0.0 0.0 0.0 0.0 0.0 0.0 0.0 0.0 0.0 0.0 0.0 0.0 0.0 0.0 0.0 0.0 0.0 0.0 0.0 0.0 0.0 0.0 0.0 0.0 0.0 0.0 0.0 0.0 0.0 0.0 0.0 0.0 0.0 0.0 0.0 0.0 0.0 0.0 0.0 0.0 0.0 0.0 0.0 0.0 0.0 0.0 0.0 0.0 0.0 0.0 0.0 0.0 0.0 0.0 0.0 0.0 0.0 0.0 0.0 0.0 0.0 0.0 0.0 0.0 0.0 0.0 0.0 0.0 0.0 0.0 0.0 0.0 0.0 0.0 0.0 0.0 0.0 0.0 0.0 0.0 0.0 0.0 0.0 0.0 0.0 0.0 0.0 0.0 0.0 0.0 0.0 0.0 0.0 0.0 0.0 0.0 0.0 0.0 0.0 0.0 0.0 0.0 0.0 0.0 0.0 0.0 0.0 0.0 0.0 0.0 0.0 0.0 0.0 0.0 0.0 0.0 0.0 0.0 0.0 0.0 0.0 0.0 0.0 0.0 0.0 0.0 0.0 0.0 0.0 0.0 0.0 0.0 0.0 0.0 0.0 0.0 0.0 0.0 0.0 0.0 0.0 0.0 0.0 0.0 0.0 0.0 0.0 0.0 0.0 0.0 0.0 0.0 0.0 0.0 0.0 0.0 0.0 0.0 0.0 0.0 0.0 0.0 0.0 0.0 0.0 0.0 0.0 0.0 0.0 0.0 0.0 0.0 0.0 0.0 0.0 0.0 0.0 0.0 0.0 0.0 0.0 0.0 0.0 0.0 0.0 0.0 0.0 0.0 0.0 0.0 0.0 0.0 0.0 0.0 0.0 0.0 0.0 0.0 0.0 0.0 0.0 0.0 0.0 0.0 0.0 0.0 0.0 0.0 0.0 0.0 0.0 0.0 0.0 0.0 0.0 0.0 0.0 0.0 0.0 0.0 0.0 0.0 0.0 0.0 0.0 0.0 0.0 0.0 0.0 0.0 0.0 0.0 0.0 0.0 0.0 0.0 0.0 0.0 0.0 0.0 0.0 0.0 0.0 0.0 0.0 0.0 0.0 0.0 0.0 0.0 0.0 0.0 0.0 0.0 0.0 0.0 0.0 0.0 0.0 0.0 0.0 0.0 0.0 0.0 0.0 0.0 0.0 0.0 0.0 0.0 0.0 0.0 0.0 0.0 0.0 0.0 0.0 0.0 0.0 0.0 0.0 0.0 0.0 0.0 0.0 0.0 0.0 0.0 0.0 0.0 0.0 0.0 0.0 0.0 0.0 0.0 0.0 0.0 0.0 0.0 0.0 0.0 0.0 0.0 0.0 0.0 0.0 0.0 0.0 0.0 0.0 0.0 0.0 0.0 0.0 0.0 0.0 0.0 0.0 0.0 0.0 0.0 0.0 0.0 0.0 0.0 0.0 0.0 0.0 0.0 0.0 0.0 0.0 0.0 0.0 0.0 0.0 0.0 0.0 0.0 0.0 0.0 0.0 0.0 0.0 0.0 0.0 0.0 0.0 0.0 0.0 0.0 0.0 0.0 0.0 0.0 0.0 0.0 0.0 0.0 0.0 0.0 0.0 0.0 0.0 0.0 0.0 0.0 0.0 0.0 0.0 0.0 0.0 0.0 0.0 0.0 0.0 0.0 0.0 0.0 0.0 0.0 0.0 0.0 0.0 0.0 0.0 0.0 0.0 0.0 0.0 0.0 0.0 0.0 0.0 0.0 0.0 0.0 0.0 0.0 0.0 0.0 0.0 0.0 0.0 0.0 0.0 0.0 0.0 0.0 0.0 0.0 0.0 0.0 0.0 0.0 0.0 0.0 0.0 0.0 0.0 0.0 0.0 0.0 0.0 0.0 0.0 0.0 0.0 0.0 0.0 0.0 0.0 0.0 0.0 0.0 0.0 0.0 0.0 0.0 0.0 0.0 0.0 0.0 0.0 0.0 0.0 0.0 0.0 0.0 0.0 0.0 0.0 0.0 0.0 0.0 0.0 0.0 0.0 0.0 0.0 0.0 0.0 0.0 0.0 0.0 0.0 0.0 0.0 0.0 0.0 0.0 0.0 0.0 0.0 0.0 0.0 0.0 0.0 0.0 0.0 0.0 0.0 0.0 0.0 0.0 0.0 0.0 0.0 0.0 0.0 0.0 0.0 0.0 0.0 0.0 0.0 0.0 0.0 0.0 0.0 0.0 0.0 0.0 0.0 0.0 0.0 0.0 0.0 0.0 0.0 0.0 0.0 0.0 0.0 0.0 0.0 0.0 0.0 0.0 0.0 0.0 0.0 0.0 0.0 0.0 0.0 0.0 0.0 0.0 0.0 0.0 0.0 0.0 0.0 0.0 0.0 0.0 0.0 0.0 0.0 0.0 0.0 0.0 0.0 0.0 0.0 0.0 0.0 0.0 0.0 0.0 0.0 0.0 0.0 0.0 0.0
## eigenvalues of T0123h imag max 0.0
## np.allclose(T0123v,T0123v.T,rtol=1e-6,atol=1e-6) False
## eigenvalues of T0123v abs 1.0627616497112908 0.4141922240301584 0.3424914480491464 0.24501071296604227 0.14884663367539744 0.13541712621473348 0.12700235172338586 0.09447991413182376 0.09014716652503317 0.08206125198555676 0.0774781338716609 0.05387404632784441 0.052416480025842954 0.04676109722851494 0.04084679668011418 0.03998221080635254 0.03933052990043226 0.039292753209670385 0.03190109823693705 0.028768148512433138 0.025708047551694348 0.024715580667090488 0.024614657602129563 0.023744979864635765 0.02300707935740556 0.02177141775047688 0.020334531933191898 0.01963142933028292 0.019408103498755918 0.017794364390743597 0.016374501160771708 0.014985733208948733 0.014374158789033859 0.012957415466571497 0.012878222148384357 0.012357982883023911 0.01205169897320137 0.011915925817381434 0.011091895019245103 0.010967058512892884 0.010563945011319815 0.010507452260223728 0.010252427969598075 0.010023870002153492 0.009042737270132918 0.00795229031633597 0.007754659932821855 0.007712299222914159 0.007292153851432614 0.007078424686034827 0.006997394473031384 0.0067435748262994364 0.006534027254760466 0.006339769048273314 0.006333929268859589 0.006261090220264078 0.005948458619588413 0.005720200884041399 0.005487824495217923 0.005361779940066679 0.005140353256383291 0.005119518424924868 0.005079727391111011 0.004936694694069961 0.004492146917378909 0.0044613392520413755 0.00427381454914442 0.00414516882570678 0.003928969808198667 0.003877517473412108 0.0038574334093104726 0.0038464312319298408 0.003840248560797664 0.003799782391819321 0.00373259564000195 0.003428993512297632 0.003384749811387951 0.0031467197701161424 0.0030634528984785467 0.002958238759039267 0.002814472877761579 0.0027906954573670355 0.002645945634377349 0.0025921748372481016 0.0025693650975159798 0.0024977954026420652 0.0024630245206319163 0.0024175421403053775 0.0024151575394367195 0.0023734166816946002 0.0022304392237955267 0.002212798847107604 0.0021561152477834137 0.002152299352892448 0.0021265140419877244 0.002090270984020053 0.0020855621952046714 0.0020638422262438034 0.0020535393697511174 0.0020356495861788416 0.0019921274109064467 0.001840552944329833 0.0017637609581540273 0.0017089948400953261 0.0016549574646217665 0.0015941551472719072 0.0015788924281196213 0.0015335963561869167 0.0015320974983982394 0.0015232639490204525 0.0015128656856895372 0.0014760042268436929 0.0014535575046093672 0.0013685511170563828 0.0013550102020317954 0.0013549040403066411 0.0013267877801122565 0.0012927097765450877 0.0012828287940438402 0.0012792055884196483 0.00126011724555757 0.0012457078346512689 0.0012405172209554397 0.0012351934264941066 0.0012263744321371985 0.0011969136069191733 0.0011790543150962827 0.0011771200359507003 0.0011585411931082355 0.0011544082560283062 0.0011319180897046558 0.0010998730601768667 0.001099675666935731 0.001082330619265482 0.0010591481526228013 0.0010280833960022164 0.0010230000005690396 0.0009927935203807045 0.000986560922618214 0.0009840312115850024 0.0009113472070801786 0.0008790505339142278 0.000858263895648815 0.0008231787888545347 0.0008228397587982169 0.0008176964798781706 0.0007851118388877146 0.0007677267516404618 0.0007639423643963345 0.000762207325178003 0.0007340480705563285 0.0007321267275482382 0.0007064550956500084 0.0007064284184556805 0.0006882995458095101 0.0006696325175992731 0.0006664086141788159 0.0006645150113623014 0.0006502227576927313 0.0006416876253960479 0.0006321137084550646 0.0006202382104323009 0.0005998889051655166 0.0005824935795507475 0.0005780758031227065 0.0005778274173711264 0.0005668644027682228 0.0005566601832139826 0.0005308786735207187 0.0005167053220177458 0.0005153111614454 0.0004922413525541565 0.0004813523267076845 0.000478472785054589 0.00047695212964035287 0.00047334458828918 0.0004727503284255194 0.00047213887406539025 0.0004685050092457722 0.00045934882673046197 0.0004485966625147085 0.00044413336478600087 0.00043814169920810306 0.0004337483119698731 0.00043245320827695646 0.00042634977235965493 0.000411442349168778 0.00041129536732001056 0.00041013236771484095 0.00040476396818646344 0.0004034000541813992 0.0004022594743854776 0.0004017472675311844 0.00039637821395489326 0.0003944397657334984 0.0003755686418271071 0.00037487881459326224 0.0003719849219064866 0.00036793633413313855 0.0003636110254096754 0.0003515104976112942 0.0003464305973923791 0.0003449017375788051 0.0003434856946114155 0.0003424835689810341 0.00034177005719981664 0.00034090368658762355 0.000337939146473645 0.0003318010415437618 0.0003284679923923663 0.00032547157898691725 0.0003145357582408147 0.0003044266344814597 0.00030164287364977717 0.0002982748544206818 0.0002977019577803862 0.0002943095842457927 0.0002941988032648016 0.00029363552144487625 0.00028974584848444844 0.0002835179817223833 0.0002742860773131492 0.00027386778726062904 0.00027318142678618235 0.0002702546132531904 0.00026943757796692684 0.00026251335640444174 0.00025760260365641777 0.00025361663017043864 0.0002520191588976414 0.0002458215263214039 0.0002443666152540045 0.00023636612204617642 0.00023585569968086157 0.00023577941915739104 0.00023233672076690748 0.0002280948974717616 0.00022667407461640174 0.00022332064960557782 0.0002232215581221365 0.00022210128158594428 0.00021593584231429332 0.00021561376122976908 0.00020921318089732276 0.000206491601284738 0.00020197534688491103 0.00019699958609380609 0.00019629072265016316 0.00019204024407870233 0.00019091949849666173 0.0001904866449742252 0.00018795384044563055 0.00018431575669137698 0.00018233191657650598 0.00018100342840383297 0.00016922609681402785 0.00016804333353497215 0.00016386670561716697 0.00016346272783429288 0.00016264403525309513 0.00015893231058197092 0.00015723141358199068 0.00015710903783973563 0.00015480767373398594 0.00015263953401085863 0.0001483152452430573 0.00014477663237207744 0.00014381575339030876 0.00014131178847195188 0.00014000642456916593 0.00013976572360116578 0.00013800511178290318 0.00013713566555289395 0.00013495237754653858 0.0001332559303770885 0.00013254393727565636 0.00013202768112515183 0.0001274664452377937 0.00012720469331455126 0.00012551849174425572 0.00012420734059425992 0.00012393975167046686 0.00012237743979000903 0.00012145789314441399 0.00011929997372179444 0.00011606630442985301 0.0001157965974930252 0.00011496642716967388 0.0001128300059752784 0.0001110428243740539 0.00010956723933152285 0.00010834373188493814 0.00010718379866850517 0.00010609254622836466 0.00010604196169007292 0.00010525988375583158 0.00010448175720827978 0.00010447811268495324 0.00010414540861627063 0.00010172061848071422 0.000101362316029724 0.00010095342132411875 9.983136795343398e-05 9.970009270114099e-05 9.767912294576854e-05 9.754113278731644e-05 9.748322665448911e-05 9.696084338589516e-05 9.573395975001912e-05 9.0932842718417e-05 9.07228122889145e-05 9.058749970719555e-05 8.763215527793518e-05 8.686441642898736e-05 8.618987262566361e-05 8.613961720573405e-05 8.430657998478106e-05 8.350833714664707e-05 8.207485447747014e-05 8.134147671884709e-05 8.078293981602589e-05 7.956527591835006e-05 7.925548568050177e-05 7.849973831236683e-05 7.821321099838722e-05 7.7631602301349e-05 7.733213124840725e-05 7.727364685242148e-05 7.706981300024451e-05 7.647759577931483e-05 7.526671939439843e-05 7.477268053090226e-05 7.380300011583349e-05 7.299144571917876e-05 7.234059589500481e-05 7.190948828141673e-05 7.093784746838922e-05 6.99383028481184e-05 6.960788671934713e-05 6.91153644927766e-05 6.854877448579148e-05 6.834471801165525e-05 6.574537758763706e-05 6.419310948769147e-05 6.37677241125222e-05 6.36441336039622e-05 6.269659005771765e-05 6.260587969655517e-05 6.248681963431783e-05 5.943866230040688e-05 5.888686109731246e-05 5.735811028053003e-05 5.664580426158492e-05 5.568192301573763e-05 5.5359599798072235e-05 5.530154936431793e-05 5.496877742578418e-05 5.3326003437393156e-05 5.301332375664258e-05 5.245818934760478e-05 5.2275851680342445e-05 5.2053796646746805e-05 5.1647136756030554e-05 5.041235005406837e-05 5.034495540314233e-05 4.9800507371437674e-05 4.955302790677807e-05 4.8962525670441e-05 4.712499346273063e-05 4.633440473167778e-05 4.591696894164694e-05 4.584307116428143e-05 4.531736273062337e-05 4.4622293162057205e-05 4.4603641288746166e-05 4.412692028021613e-05 4.318313137288598e-05 4.281448015987967e-05 4.2792288695192196e-05 4.226079964031677e-05 4.126688503697943e-05 4.121366140659518e-05 4.113266778009685e-05 4.108191650415639e-05 4.045311114798977e-05 4.0331882821622064e-05 3.9953517237896375e-05 3.969869760638707e-05 3.952189412998612e-05 3.8034367238793725e-05 3.754218815940138e-05 3.696934438570543e-05 3.6544397233648015e-05 3.640747261496417e-05 3.5895635682172395e-05 3.576397313261304e-05 3.555287533295879e-05 3.494650440789733e-05 3.3867148907755056e-05 3.2544331301136006e-05 3.208117043597511e-05 3.1912976058737187e-05 3.14468839889456e-05 3.1191552584127354e-05 3.095022539975265e-05 3.0619122004576424e-05 2.9905712145052326e-05 2.98851159432247e-05 2.9766635457633337e-05 2.9576110473913694e-05 2.9459071070163806e-05 2.925457284635372e-05 2.9240992431592477e-05 2.876247616785742e-05 2.834741601916215e-05 2.8207003830448565e-05 2.8154429168835942e-05 2.8084127642791096e-05 2.7910272233891163e-05 2.753115017180014e-05 2.752453665591199e-05 2.732064840335078e-05 2.7261588505634828e-05 2.6704617844250093e-05 2.665677357061876e-05 2.604397396559325e-05 2.5194137624334742e-05 2.5102861209002696e-05 2.4771417575023686e-05 2.4324152587193548e-05 2.4121613295309602e-05 2.371373331800507e-05 2.3658853622436814e-05 2.318998745301662e-05 2.312253483230768e-05 2.3013633287202353e-05 2.2793457595492328e-05 2.275287493991446e-05 2.2742846261387657e-05 2.2286568181455752e-05 2.1870569063242975e-05 2.18567757350065e-05 2.1758963002720563e-05 2.1508911262462747e-05 2.125321368268497e-05 2.1183318439726194e-05 2.0830503840082847e-05 2.0552771474931975e-05 2.0164562663427717e-05 1.922433938657766e-05 1.9063915184770625e-05 1.891868222602308e-05 1.888838488355952e-05 1.8870873577533723e-05 1.8460572564479037e-05 1.830629709393065e-05 1.8243151499566156e-05 1.807194021903324e-05 1.8049009744853846e-05 1.734170006370335e-05 1.7310348386030055e-05 1.7286846534659263e-05 1.718888131134e-05 1.7145920530898567e-05 1.709410988556414e-05 1.6939774929282373e-05 1.6786209818219255e-05 1.6684218732609223e-05 1.664115079358558e-05 1.6504605951861635e-05 1.6357285634590774e-05 1.6331314353482437e-05 1.5850841233621563e-05 1.5265070187546744e-05 1.5187657200080442e-05 1.5040748217395906e-05 1.4964665045051728e-05 1.486238737922975e-05 1.420393488819666e-05 1.4184226773257733e-05 1.4127026152814593e-05 1.3803393526749254e-05 1.3034186131516352e-05 1.2960934451108885e-05 1.2789411384522963e-05 1.2591164945798177e-05 1.2553520606950466e-05 1.2486386464266552e-05 1.2051128015401269e-05 1.1944258437487117e-05 1.194322839621799e-05 1.1796372775438895e-05 1.1557474220998922e-05 1.1542617269752946e-05 1.1430355797513846e-05 1.1282836986417052e-05 1.113367875609472e-05 1.1121521824780768e-05 1.1079955079917917e-05 1.1029815527033629e-05 1.0687927452853836e-05 1.0670855106311092e-05 1.0620102165550784e-05 1.059372237618268e-05 1.0578873625415227e-05 1.0526517819630166e-05 1.039294320990447e-05 1.0176178435224985e-05 1.0104162633596179e-05 1.0099528801688982e-05 9.89949365749497e-06 9.861711274439955e-06 9.792629634278087e-06 9.76218420557066e-06 9.56144093286521e-06 9.45287460407932e-06 9.429075281918754e-06 9.31542953677229e-06 9.287106686143838e-06 9.220846444683714e-06 9.136576183815329e-06 9.011647262333892e-06 8.976674493701404e-06 8.931166097893812e-06 8.882334981391115e-06 8.843935133582533e-06 8.810151339880178e-06 8.788928969122497e-06 8.706679030086399e-06 8.621475599294964e-06 8.541486755197592e-06 8.389413605469409e-06 8.37029504266794e-06 8.347419826857589e-06 8.224751830797071e-06 8.131678320552452e-06 8.03630693643319e-06 7.97825684807153e-06 7.946547486524833e-06 7.743911366535445e-06 7.7329609429338e-06 7.481728670555928e-06 7.468687691960487e-06 7.425514042286078e-06 7.421603781724617e-06 7.354574592619755e-06 7.279870068439848e-06 7.2037881615793935e-06 7.167664235480414e-06 7.003995882039897e-06 6.841637748628473e-06 6.818764618635153e-06 6.769379580148195e-06 6.74949765117995e-06 6.66935399733605e-06 6.605005374314479e-06 6.555930516945587e-06 6.450776986807479e-06 6.447611109316204e-06 6.352389674704511e-06 6.299326034132186e-06 6.293566198757996e-06 6.215809249747374e-06 6.208315953607604e-06 6.1191412208706106e-06 6.094411418959548e-06 5.993786937226013e-06 5.955321985173125e-06 5.770545656591929e-06 5.581413871389916e-06 5.480928270025503e-06 5.389040272264408e-06 5.365282669460939e-06 5.2974596431805806e-06 5.089992913185437e-06 4.8606526072301164e-06 4.733192168892017e-06 4.686861692158993e-06 4.671929101321102e-06 4.58930678848919e-06 4.562929808382378e-06 4.530343050484077e-06 4.521846714619292e-06 4.5060906459458035e-06 4.444200781189933e-06 4.323850604417283e-06 4.292872805119827e-06 4.247203530663738e-06 4.245353463689323e-06 4.167466385807027e-06 4.148059982628142e-06 4.142194431659188e-06 4.133772543092258e-06 4.097568837709885e-06 4.058964631196165e-06 4.048691367590646e-06 3.999124385280558e-06 3.965969089576213e-06 3.963955650163952e-06 3.940673159766885e-06 3.85764774284906e-06 3.8244198492181335e-06 3.753767052268719e-06 3.7519818642297968e-06 3.6195004327447454e-06 3.4786085325290378e-06 3.375356282996809e-06 3.2891884109265684e-06 3.27922539974126e-06 3.2380555900784e-06 3.213881212499905e-06 3.164534362273079e-06 3.132299671799005e-06 3.1262155999115592e-06 3.0621561385667307e-06 2.982395516172866e-06 2.9677909226174177e-06 2.9227246193772715e-06 2.839796265122307e-06 2.8321512130998094e-06 2.8295978762479218e-06 2.808688495054263e-06 2.7436672746481544e-06 2.717880211049952e-06 2.7010315073511507e-06 2.6891535048147173e-06 2.6238773654628374e-06 2.598064383871812e-06 2.5927913983414774e-06 2.578755264783834e-06 2.562254753503119e-06 2.561564174920084e-06 2.5613852205186725e-06 2.556866541598103e-06 2.5342771281945784e-06 2.515344492169129e-06 2.4960187605159767e-06 2.492334445125428e-06 2.465742785343921e-06 2.4070584579179764e-06 2.383722564175744e-06 2.257624798881269e-06 2.2530296422354654e-06 2.2443847082518115e-06 2.2209923180724593e-06 2.1636616222219112e-06 2.16015277060906e-06 2.132839236563838e-06 2.0546296970096784e-06 2.0321371823554218e-06 2.0136450493185847e-06 1.9367030245963726e-06 1.9283861117748104e-06 1.9074647232557468e-06 1.882069173192427e-06 1.8655540508396957e-06 1.8258594141776513e-06 1.8067336677423596e-06 1.8014334864314243e-06 1.7979559719484768e-06 1.7547477614256623e-06 1.7491088653276865e-06 1.7000412223755505e-06 1.6723388914062582e-06 1.6707443546906034e-06 1.6387653114557363e-06 1.636215624224438e-06 1.582927791316488e-06 1.5640323404872527e-06 1.5606887473436422e-06 1.523791464765439e-06 1.5016204216022699e-06 1.4272720584275985e-06 1.4093748362322422e-06 1.3879292417864914e-06 1.3747686341781872e-06 1.370475716594845e-06 1.3624182950492273e-06 1.3391395484242787e-06 1.329675613046467e-06 1.3266745143667212e-06 1.3103457827496524e-06 1.3010063638394863e-06 1.2722768955873371e-06 1.2496769753997196e-06 1.2307988393636802e-06 1.2033897312303954e-06 1.1825397923927237e-06 1.1780253500883246e-06 1.0831076640015773e-06 1.071952968668373e-06 1.0348973553638128e-06 1.010838910680671e-06 1.00875851715635e-06 9.85833150363544e-07 9.850592635522424e-07 9.441379035661834e-07 9.2976300550116e-07 9.265159401584413e-07 9.245279363834249e-07 9.244661442282147e-07 9.164880422448867e-07 8.990604161346696e-07 8.954975163640842e-07 8.83687602865786e-07 8.747697482331659e-07 8.422994351038078e-07 8.415036650071609e-07 8.339705672030068e-07 8.174110048956278e-07 8.16138053164735e-07 8.127711669282299e-07 8.041031413506284e-07 8.009131182647639e-07 7.982898615182204e-07 7.883320012077755e-07 7.850425911946514e-07 7.784621003343245e-07 7.777456928981153e-07 7.68782514693691e-07 7.553821560585999e-07 7.038018334274195e-07 7.036543837428675e-07 6.869992326265936e-07 6.851065878009805e-07 6.314215154354368e-07 6.247637925225939e-07 6.232406110534575e-07 6.085579606110912e-07 6.077454154219304e-07 5.837576442598285e-07 5.736324860358343e-07 5.715046026646809e-07 5.694520834653769e-07 5.661922349552799e-07 5.621192223419877e-07 5.619387990928557e-07 5.452825898030744e-07 5.391186593199957e-07 5.378806430414501e-07 5.376818433213544e-07 5.181798287231063e-07 4.871384214844385e-07 4.298650547727416e-07 4.2983324133974426e-07 4.135097561420581e-07 4.1155763218590007e-07 3.890471137280571e-07 3.5867257678236023e-07 3.540247564693535e-07 3.4905097102372094e-07 3.480970978256746e-07 3.350029835097176e-07 3.347969707485682e-07 3.3202858715619054e-07 3.1341367434044656e-07 3.072893266305672e-07 3.0367907571780294e-07 2.9923819048117556e-07 2.9292847211849e-07 2.926304918205647e-07 2.812331787998062e-07 2.79706006572233e-07 2.764948266598646e-07 2.7619640820619534e-07 2.718360016021084e-07 2.673232257437601e-07 2.6487533135331526e-07 2.6348749146903845e-07 2.610350107419503e-07 2.6043612957935583e-07 2.5985857803527604e-07 2.5238531047213233e-07 2.4197641560332745e-07 2.3600526433837318e-07 2.3443399634189437e-07 2.3380388272825163e-07 2.2749222847159e-07 2.1720285322536657e-07 2.168884394726998e-07 2.150339460212911e-07 2.146433238604369e-07 1.9110128483607664e-07 1.8983250043954275e-07 1.8862710944563265e-07 1.5866688438824497e-07 1.578421000224143e-07 1.4890894296240876e-07 1.467568796760431e-07 1.4315212841774606e-07 1.4313656292029488e-07 1.4260072211116693e-07 1.4244821216917107e-07 1.2750062257446556e-07 1.2693002159675105e-07 1.2068269167301227e-07 1.1904492195606046e-07 1.1649085820924362e-07 1.1604687421774894e-07 1.0429750089339945e-07 1.0307807059096466e-07 1.0174059390554519e-07 1.0146025388407785e-07 9.515153277490658e-08 9.283710556885734e-08 9.223564547909834e-08 9.215136374586549e-08 8.866212219662271e-08 8.058780036266909e-08 7.97698553036758e-08 7.954721900313011e-08 7.946918563441721e-08 7.92968925748761e-08 7.846257233662001e-08 6.416945002877904e-08 6.300149819658961e-08 6.278841953858175e-08 6.277917898601879e-08 6.259552724157258e-08 5.239770206959266e-08 4.888817627094612e-08 4.887746302220925e-08 3.639504460124157e-08 3.547130155316711e-08 3.270090837484005e-08 3.186154543726086e-08 3.032588987156428e-08 3.0283150409270923e-08 2.4700208345424287e-08 2.4261129128446656e-08 2.3600299784652037e-08 2.3561178105055705e-08 1.9640243300501347e-08 1.9440292338911393e-08 1.314521654677754e-08 1.3108443530523105e-08 8.320402025150114e-09 8.310674512652437e-09 8.308801475255673e-09 8.302091237405266e-09 1.90206307374898e-09 0.0 0.0 0.0 0.0 0.0 0.0 0.0 0.0 0.0 0.0 0.0 0.0 0.0 0.0 0.0 0.0 0.0 0.0 0.0 0.0 0.0 0.0 0.0 0.0 0.0 0.0 0.0 0.0 0.0 0.0 0.0 0.0 0.0 0.0 0.0 0.0 0.0 0.0 0.0 0.0 0.0 0.0 0.0 0.0 0.0 0.0 0.0 0.0 0.0 0.0 0.0 0.0 0.0 0.0 0.0 0.0 0.0 0.0 0.0 0.0 0.0 0.0 0.0 0.0 0.0 0.0 0.0 0.0 0.0 0.0 0.0 0.0 0.0 0.0 0.0 0.0 0.0 0.0 0.0 0.0 0.0 0.0 0.0 0.0 0.0 0.0 0.0 0.0 0.0 0.0 0.0 0.0 0.0 0.0 0.0 0.0 0.0 0.0 0.0 0.0 0.0 0.0 0.0 0.0 0.0 0.0 0.0 0.0 0.0 0.0 0.0 0.0 0.0 0.0 0.0 0.0 0.0 0.0 0.0 0.0 0.0 0.0 0.0 0.0 0.0 0.0 0.0 0.0 0.0 0.0 0.0 0.0 0.0 0.0 0.0 0.0 0.0 0.0 0.0 0.0 0.0 0.0 0.0 0.0 0.0 0.0 0.0 0.0 0.0 0.0 0.0 0.0 0.0 0.0 0.0 0.0 0.0 0.0 0.0 0.0 0.0 0.0 0.0 0.0 0.0 0.0 0.0 0.0 0.0 0.0 0.0 0.0 0.0 0.0 0.0 0.0 0.0 0.0 0.0 0.0 0.0 0.0 0.0 0.0 0.0 0.0 0.0 0.0 0.0 0.0 0.0 0.0 0.0 0.0 0.0 0.0 0.0 0.0 0.0 0.0 0.0 0.0 0.0 0.0 0.0 0.0 0.0 0.0 0.0 0.0 0.0 0.0 0.0 0.0 0.0 0.0 0.0 0.0 0.0 0.0 0.0 0.0 0.0 0.0 0.0 0.0 0.0 0.0 0.0 0.0 0.0 0.0 0.0 0.0 0.0 0.0 0.0 0.0 0.0 0.0 0.0 0.0 0.0 0.0 0.0 0.0 0.0 0.0 0.0 0.0 0.0 0.0 0.0 0.0 0.0 0.0 0.0 0.0 0.0 0.0 0.0 0.0 0.0 0.0 0.0 0.0 0.0 0.0 0.0 0.0 0.0 0.0 0.0 0.0 0.0 0.0 0.0 0.0 0.0 0.0 0.0 0.0 0.0 0.0 0.0 0.0 0.0 0.0 0.0 0.0 0.0 0.0 0.0 0.0 0.0 0.0 0.0 0.0 0.0 0.0 0.0 0.0 0.0 0.0 0.0 0.0 0.0 0.0 0.0 0.0 0.0 0.0 0.0 0.0 0.0 0.0 0.0 0.0 0.0 0.0 0.0 0.0 0.0 0.0 0.0 0.0 0.0 0.0 0.0 0.0 0.0 0.0 0.0 0.0 0.0 0.0 0.0 0.0 0.0 0.0 0.0 0.0 0.0 0.0 0.0 0.0 0.0 0.0 0.0 0.0 0.0 0.0 0.0 0.0 0.0 0.0 0.0 0.0 0.0 0.0 0.0 0.0 0.0 0.0 0.0 0.0 0.0 0.0 0.0 0.0 0.0 0.0 0.0 0.0 0.0 0.0 0.0 0.0 0.0 0.0 0.0 0.0 0.0 0.0 0.0 0.0 0.0 0.0 0.0 0.0 0.0 0.0 0.0 0.0 0.0 0.0 0.0 0.0 0.0 0.0 0.0 0.0 0.0 0.0 0.0 0.0 0.0 0.0 0.0 0.0 0.0 0.0 0.0 0.0 0.0 0.0 0.0 0.0 0.0 0.0 0.0 0.0 0.0 0.0 0.0 0.0 0.0 0.0 0.0 0.0 0.0 0.0 0.0 0.0 0.0 0.0 0.0 0.0 0.0 0.0 0.0 0.0 0.0 0.0 0.0 0.0 0.0 0.0 0.0 0.0 0.0 0.0 0.0 0.0 0.0
## eigenvalues of T0123v real 1.0627616497112908 0.4141922240301584 0.3424914480491464 0.24501071296604227 0.14884663367539744 0.13541712621473348 0.12700235172338586 0.09447991413182376 0.09014716652503317 0.08206125198555676 0.0774781338716609 0.05387404632784441 0.052416480025842954 0.04676109722851494 0.04084679668011418 0.03998221080635254 0.03933052990043226 0.039292753209670385 0.03190109823693705 0.028768148512433138 0.025708047551694348 0.024715580667090488 0.024614657602129563 0.023744979864635765 0.02300707935740556 0.02177141775047688 0.020334531933191898 0.01963142933028292 0.019408103498755918 0.017794364390743597 0.016374501160771708 0.014985733208948733 0.014374158789033859 0.012957415466571497 0.012878222148384357 0.012357982883023911 0.01205169897320137 0.011915925817381434 0.011091895019245103 0.010967058512892884 0.010563945011319815 0.010507452260223728 0.010252427969598075 0.010023870002153492 0.009042737270132918 0.00795229031633597 0.007754659932821855 0.007712299222914159 0.007292153851432614 0.007078424686034827 0.006997394473031384 0.0067435748262994364 0.006534027254760466 0.006339769048273314 0.006333929268859589 0.006261090220264078 0.005948458619588413 0.005720200884041399 0.005487824495217923 0.005361779940066679 0.005140353256383291 0.005119518424924868 0.005079727391111011 0.004936694694069961 0.004492146917378909 0.0044613392520413755 0.00427381454914442 0.00414516882570678 0.003928969808198667 0.003877517473412108 0.0038574334093104726 0.0038464312319298408 0.003840248560797664 0.003799782391819321 0.00373259564000195 0.003428993512297632 0.003384749811387951 0.0031467197701161424 0.0030634528984785467 0.002958238759039267 0.002814472877761579 0.0027906954573670355 0.002645945634377349 0.0025921748372481016 0.0025693650975159798 0.0024977954026420652 0.0024630245206319163 0.0024175421403053775 0.0024151575394367195 0.0023734166816946002 0.0022304392237955267 0.002212798847107604 0.0021561152477834137 0.002152299352892448 0.0021265140419877244 0.002090270984020053 0.0020855621952046714 0.0020638422262438034 0.0020535393697511174 0.0020356495861788416 0.0019921274109064467 0.001840552944329833 0.0017637609581540273 0.0017089948400953261 0.0016549574646217665 0.0015941551472719072 0.0015788924281196213 0.0015335963561869167 0.0015320974983982394 0.0015232639490204525 0.0015128656856895372 0.0014760042268436929 0.0014535575046093672 0.0013685511170563828 0.0013550102020317954 0.0013549040403066411 0.0013267877801122565 0.0012927097765450877 0.0012828287940438402 0.0012792055884196483 0.00126011724555757 0.0012457078346512689 0.0012405172209554397 0.0012351934264941066 0.0012263744321371985 0.0011969136069191733 0.0011790543150962827 0.0011771200359507003 0.0011585411931082355 0.0011544082560283062 0.0011319180897046558 0.0010998730601768667 0.001099675666935731 0.001082330619265482 0.0010591481526228013 0.0010280833960022164 0.0010230000005690396 0.0009927935203807045 0.000986560922618214 0.0009840312115850024 0.0009113472070801786 0.0008790505339142278 0.000858263895648815 0.0008231787888545347 0.0008228397587982169 0.0008176964798781706 0.0007851118388877146 0.0007677267516404618 0.0007639423643963345 0.000762207325178003 0.0007340480705563285 0.0007321267275482382 0.0007064550956500084 0.0007064284184556805 0.0006882995458095101 0.0006696325175992731 0.0006664086141788159 0.0006645150113623014 0.0006502227576927313 0.0006416876253960479 0.0006321137084550646 0.0006202382104323009 0.0005998889051655166 0.0005824935795507475 0.0005780758031227065 0.0005778274173711264 0.0005668644027682228 0.0005566601832139826 0.0005308786735207187 0.0005167053220177458 0.0005153111614454 0.0004922413525541565 0.0004813523267076845 0.000478472785054589 0.00047695212964035287 0.00047334458828918 0.0004727503284255194 0.00047213887406539025 0.0004685050092457722 0.00045934882673046197 0.0004485966625147085 0.00044413336478600087 0.00043814169920810306 0.0004337483119698731 0.00043245320827695646 0.00042634977235965493 0.000411442349168778 0.00041129536732001056 0.00041013236771484095 0.00040476396818646344 0.0004034000541813992 0.0004022594743854776 0.0004017472675311844 0.00039637821395489326 0.0003944397657334984 0.0003755686418271071 0.00037487881459326224 0.0003719849219064866 0.00036793633413313855 0.0003636110254096754 0.0003515104976112942 0.0003464305973923791 0.0003449017375788051 0.0003434856946114155 0.0003424835689810341 0.00034177005719981664 0.00034090368658762355 0.000337939146473645 0.0003318010415437618 0.0003284679923923663 0.00032547157898691725 0.0003145357582408147 0.0003044266344814597 0.00030164287364977717 0.0002982748544206818 0.0002977019577803862 0.0002943095842457927 0.0002941988032648016 0.00029363552144487625 0.00028974584848444844 0.0002835179817223833 0.0002742860773131492 0.00027386778726062904 0.00027318142678618235 0.0002702546132531904 0.00026943757796692684 0.00026251335640444174 0.00025760260365641777 0.00025361663017043864 0.0002520191588976414 0.0002458215263214039 0.0002443666152540045 0.00023636612204617642 0.00023585569968086157 0.00023577941915739104 0.00023233672076690748 0.0002280948974717616 0.00022667407461640174 0.00022332064960557782 0.0002232215581221365 0.00022210128158594428 0.00021593584231429332 0.00021561376122976908 0.00020921318089732276 0.000206491601284738 0.00020197534688491103 0.00019699958609380609 0.00019629072265016316 0.00019204024407870233 0.00019091949849666173 0.0001904866449742252 0.00018795384044563055 0.00018431575669137698 0.00018233191657650598 0.00018100342840383297 0.00016922609681402785 0.00016804333353497215 0.00016386670561716697 0.00016346272783429288 0.00016264403525309513 0.00015893231058197092 0.00015723141358199068 0.00015710903783973563 0.00015480767373398594 0.00015263953401085863 0.0001483152452430573 0.00014477663237207744 0.00014381575339030876 0.00014131178847195188 0.00014000642456916593 0.00013976572360116578 0.00013800511178290318 0.00013713566555289395 0.00013495237754653858 0.0001332559303770885 0.00013254393727565636 0.00013202768112515183 0.0001274664452377937 0.00012720469331455126 0.00012551849174425572 0.00012420734059425992 0.00012393975167046686 0.00012237743979000903 0.00012145789314441399 0.00011929997372179444 0.00011606630442985301 0.0001157965974930252 0.00011496642716967388 0.0001128300059752784 0.0001110428243740539 0.00010956723933152285 0.00010834373188493814 0.00010718379866850517 0.00010609254622836466 0.00010604196169007292 0.00010525988375583158 0.00010448175720827978 0.00010447811268495324 0.00010414540861627063 0.00010172061848071422 0.000101362316029724 0.00010095342132411875 9.983136795343398e-05 9.970009270114099e-05 9.767912294576854e-05 9.754113278731644e-05 9.748322665448911e-05 9.696084338589516e-05 9.573395975001912e-05 9.0932842718417e-05 9.07228122889145e-05 9.058749970719555e-05 8.763215527793518e-05 8.686441642898736e-05 8.618987262566361e-05 8.613961720573405e-05 8.430657998478106e-05 8.350833714664707e-05 8.207485447747014e-05 8.134147671884709e-05 8.078293981602589e-05 7.956527591835006e-05 7.925548568050177e-05 7.849973831236683e-05 7.821321099838722e-05 7.7631602301349e-05 7.733213124840725e-05 7.727364685242148e-05 7.706981300024451e-05 7.647759577931483e-05 7.526671939439843e-05 7.477268053090226e-05 7.380300011583349e-05 7.299144571917876e-05 7.234059589500481e-05 7.190948828141673e-05 7.093784746838922e-05 6.99383028481184e-05 6.960788671934713e-05 6.91153644927766e-05 6.854877448579148e-05 6.834471801165525e-05 6.574537758763706e-05 6.419310948769147e-05 6.37677241125222e-05 6.36441336039622e-05 6.269659005771765e-05 6.260587969655517e-05 6.248681963431783e-05 5.943866230040688e-05 5.888686109731246e-05 5.735811028053003e-05 5.664580426158492e-05 5.568192301573763e-05 5.5359599798072235e-05 5.530154936431793e-05 5.496877742578418e-05 5.3326003437393156e-05 5.301332375664258e-05 5.245818934760478e-05 5.2275851680342445e-05 5.2053796646746805e-05 5.1647136756030554e-05 5.041235005406837e-05 5.034495540314233e-05 4.9800507371437674e-05 4.955302790677807e-05 4.8962525670441e-05 4.712499346273063e-05 4.633440473167778e-05 4.591696894164694e-05 4.584307116428143e-05 4.531736273062337e-05 4.4622293162057205e-05 4.4603641288746166e-05 4.412692028021613e-05 4.318313137288598e-05 4.281448015987967e-05 4.2792288695192196e-05 4.226079964031677e-05 4.126688503697943e-05 4.121366140659518e-05 4.113266778009685e-05 4.108191650415639e-05 4.045311114798977e-05 4.0331882821622064e-05 3.9953517237896375e-05 3.969869760638707e-05 3.952189412998612e-05 3.8034367238793725e-05 3.754218815940138e-05 3.696934438570543e-05 3.6544397233648015e-05 3.640747261496417e-05 3.5895635682172395e-05 3.576397313261304e-05 3.555287533295879e-05 3.494650440789733e-05 3.3867148907755056e-05 3.2544331301136006e-05 3.208117043597511e-05 3.1912976058737187e-05 3.14468839889456e-05 3.1191552584127354e-05 3.095022539975265e-05 3.0619122004576424e-05 2.9905712145052326e-05 2.98851159432247e-05 2.9766635457633337e-05 2.9576110473913694e-05 2.9459071070163806e-05 2.925457284635372e-05 2.9240992431592477e-05 2.876247616785742e-05 2.834741601916215e-05 2.8207003830448565e-05 2.8154429168835942e-05 2.8084127642791096e-05 2.7910272233891163e-05 2.753115017180014e-05 2.752453665591199e-05 2.732064840335078e-05 2.7261588505634828e-05 2.6704617844250093e-05 2.665677357061876e-05 2.604397396559325e-05 2.5194137624334742e-05 2.5102861209002696e-05 2.4771417575023686e-05 2.4324152587193548e-05 2.4121613295309602e-05 2.371373331800507e-05 2.3658853622436814e-05 2.318998745301662e-05 2.312253483230768e-05 2.3013633287202353e-05 2.2793457595492328e-05 2.275287493991446e-05 2.2742846261387657e-05 2.2286568181455752e-05 2.1870569063242975e-05 2.18567757350065e-05 2.1758963002720563e-05 2.1508911262462747e-05 2.125321368268497e-05 2.1183318439726194e-05 2.0830503840082847e-05 2.0552771474931975e-05 2.0164562663427717e-05 1.922433938657766e-05 1.9063915184770625e-05 1.891868222602308e-05 1.888838488355952e-05 1.8870873577533723e-05 1.8460572564479037e-05 1.830629709393065e-05 1.8243151499566156e-05 1.807194021903324e-05 1.8049009744853846e-05 1.734170006370335e-05 1.7310348386030055e-05 1.7286846534659263e-05 1.718888131134e-05 1.7145920530898567e-05 1.709410988556414e-05 1.6939774929282373e-05 1.6786209818219255e-05 1.6684218732609223e-05 1.664115079358558e-05 1.6504605951861635e-05 1.6357285634590774e-05 1.6331314353482437e-05 1.5850841233621563e-05 1.5265070187546744e-05 1.5187657200080442e-05 1.5040748217395906e-05 1.4964665045051728e-05 1.486238737922975e-05 1.420393488819666e-05 1.4184226773257733e-05 1.4127026152814593e-05 1.3803393526749254e-05 1.3034186131516352e-05 1.2960934451108885e-05 1.2789411384522963e-05 1.2591164945798177e-05 1.2553520606950466e-05 1.2486386464266552e-05 1.2051128015401269e-05 1.1944258437487117e-05 1.194322839621799e-05 1.1796372775438895e-05 1.1557474220998922e-05 1.1542617269752946e-05 1.1430355797513846e-05 1.1282836986417052e-05 1.113367875609472e-05 1.1121521824780768e-05 1.1079955079917917e-05 1.1029815527033629e-05 1.0687927452853836e-05 1.0670855106311092e-05 1.0620102165550784e-05 1.059372237618268e-05 1.0578873625415227e-05 1.0526517819630166e-05 1.039294320990447e-05 1.0176178435224985e-05 1.0104162633596179e-05 1.0099528801688982e-05 9.89949365749497e-06 9.861711274439955e-06 9.792629634278087e-06 9.76218420557066e-06 9.56144093286521e-06 9.45287460407932e-06 9.429075281918754e-06 9.31542953677229e-06 9.287106686143838e-06 9.220846444683714e-06 9.136576183815329e-06 9.011647262333892e-06 8.976674493701404e-06 8.931166097893812e-06 8.882334981391115e-06 8.843935133582533e-06 8.810151339880178e-06 8.788928969122497e-06 8.706679030086399e-06 8.621475599294964e-06 8.541486755197592e-06 8.389413605469409e-06 8.37029504266794e-06 8.347419826857589e-06 8.224751830797071e-06 8.131678320552452e-06 8.03630693643319e-06 7.97825684807153e-06 7.946547486524833e-06 7.743911366535445e-06 7.7329609429338e-06 7.481728670555928e-06 7.468687691960487e-06 7.425514042286078e-06 7.421603781724617e-06 7.354574592619755e-06 7.279870068439848e-06 7.2037881615793935e-06 7.167664235480414e-06 7.003995882039897e-06 6.841637748628473e-06 6.818764618635153e-06 6.769379580148195e-06 6.74949765117995e-06 6.66935399733605e-06 6.605005374314479e-06 6.555930516945587e-06 6.450776986807479e-06 6.447611109316204e-06 6.352389674704511e-06 6.299326034132186e-06 6.293566198757996e-06 6.215809249747374e-06 6.208315953607604e-06 6.1191412208706106e-06 6.094411418959548e-06 5.993786937226013e-06 5.955321985173125e-06 5.770545656591929e-06 5.581413871389916e-06 5.480928270025503e-06 5.389040272264408e-06 5.365282669460939e-06 5.2974596431805806e-06 5.089992913185437e-06 4.8606526072301164e-06 4.733192168892017e-06 4.686861692158993e-06 4.671929101321102e-06 4.58930678848919e-06 4.562929808382378e-06 4.530343050484077e-06 4.521846714619292e-06 4.5060906459458035e-06 4.444200781189933e-06 4.323850604417283e-06 4.292872805119827e-06 4.247203530663738e-06 4.245353463689323e-06 4.167466385807027e-06 4.148059982628142e-06 4.142194431659188e-06 4.133772543092258e-06 4.097568837709885e-06 4.058964631196165e-06 4.048691367590646e-06 3.999124385280558e-06 3.965969089576213e-06 3.963955650163952e-06 3.940673159766885e-06 3.85764774284906e-06 3.8244198492181335e-06 3.753767052268719e-06 3.7519818642297968e-06 3.6195004327447454e-06 3.4786085325290378e-06 3.375356282996809e-06 3.2891884109265684e-06 3.27922539974126e-06 3.2380555900784e-06 3.213881212499905e-06 3.164534362273079e-06 3.132299671799005e-06 3.1262155999115592e-06 3.0621561385667307e-06 2.982395516172866e-06 2.9677909226174177e-06 2.9227246193772715e-06 2.839796265122307e-06 2.8321512130998094e-06 2.8295978762479218e-06 2.808688495054263e-06 2.7436672746481544e-06 2.717880211049952e-06 2.7010315073511507e-06 2.6891535048147173e-06 2.6238773654628374e-06 2.598064383871812e-06 2.5927913983414774e-06 2.578755264783834e-06 2.562254753503119e-06 2.561564174920084e-06 2.5613852205186725e-06 2.556866541598103e-06 2.5342771281945784e-06 2.515344492169129e-06 2.4960187605159767e-06 2.492334445125428e-06 2.465742785343921e-06 2.4070584579179764e-06 2.383722564175744e-06 2.257624798881269e-06 2.2530296422354654e-06 2.2443847082518115e-06 2.2209923180724593e-06 2.1636616222219112e-06 2.16015277060906e-06 2.132839236563838e-06 2.0546296970096784e-06 2.0321371823554218e-06 2.0136450493185847e-06 1.9367030245963726e-06 1.9283861117748104e-06 1.9074647232557468e-06 1.882069173192427e-06 1.8655540508396957e-06 1.8258594141776513e-06 1.8067336677423596e-06 1.8014334864314243e-06 1.7979559719484768e-06 1.7547477614256623e-06 1.7491088653276865e-06 1.7000412223755505e-06 1.6723388914062582e-06 1.6707443546906034e-06 1.6387653114557363e-06 1.636215624224438e-06 1.582927791316488e-06 1.5640323404872527e-06 1.5606887473436422e-06 1.523791464765439e-06 1.5016204216022699e-06 1.4272720584275985e-06 1.4093748362322422e-06 1.3879292417864914e-06 1.3747686341781872e-06 1.370475716594845e-06 1.3624182950492273e-06 1.3391395484242787e-06 1.329675613046467e-06 1.3266745143667212e-06 1.3103457827496524e-06 1.3010063638394863e-06 1.2722768955873371e-06 1.2496769753997196e-06 1.2307988393636802e-06 1.2033897312303954e-06 1.1825397923927237e-06 1.1780253500883246e-06 1.0831076640015773e-06 1.071952968668373e-06 1.0348973553638128e-06 1.010838910680671e-06 1.00875851715635e-06 9.85833150363544e-07 9.850592635522424e-07 9.441379035661834e-07 9.2976300550116e-07 9.265159401584413e-07 9.245279363834249e-07 9.244661442282147e-07 9.164880422448867e-07 8.990604161346696e-07 8.954975163640842e-07 8.83687602865786e-07 8.747697482331659e-07 8.422994351038078e-07 8.415036650071609e-07 8.339705672030068e-07 8.174110048956278e-07 8.16138053164735e-07 8.127711669282299e-07 8.041031413506284e-07 8.009131182647639e-07 7.982898615182204e-07 7.883320012077755e-07 7.850425911946514e-07 7.784621003343245e-07 7.777456928981153e-07 7.68782514693691e-07 7.553821560585999e-07 7.038018334274195e-07 7.036543837428675e-07 6.869992326265936e-07 6.851065878009805e-07 6.314215154354368e-07 6.247637925225939e-07 6.232406110534575e-07 6.085579606110912e-07 6.077454154219304e-07 5.837576442598285e-07 5.736324860358343e-07 5.715046026646809e-07 5.694520834653769e-07 5.661922349552799e-07 5.621192223419877e-07 5.619387990928557e-07 5.452825898030744e-07 5.391186593199957e-07 5.378806430414501e-07 5.376818433213544e-07 5.181798287231063e-07 4.871384214844385e-07 4.298650547727416e-07 4.2983324133974426e-07 4.135097561420581e-07 4.1155763218590007e-07 3.890471137280571e-07 3.5867257678236023e-07 3.540247564693535e-07 3.4905097102372094e-07 3.480970978256746e-07 3.350029835097176e-07 3.347969707485682e-07 3.3202858715619054e-07 3.1341367434044656e-07 3.072893266305672e-07 3.0367907571780294e-07 2.9923819048117556e-07 2.9292847211849e-07 2.926304918205647e-07 2.812331787998062e-07 2.79706006572233e-07 2.764948266598646e-07 2.7619640820619534e-07 2.718360016021084e-07 2.673232257437601e-07 2.6487533135331526e-07 2.6348749146903845e-07 2.610350107419503e-07 2.6043612957935583e-07 2.5985857803527604e-07 2.5238531047213233e-07 2.4197641560332745e-07 2.3600526433837318e-07 2.3443399634189437e-07 2.3380388272825163e-07 2.2749222847159e-07 2.1720285322536657e-07 2.168884394726998e-07 2.150339460212911e-07 2.146433238604369e-07 1.9110128483607664e-07 1.8983250043954275e-07 1.8862710944563265e-07 1.5866688438824497e-07 1.578421000224143e-07 1.4890894296240876e-07 1.467568796760431e-07 1.4315212841774606e-07 1.4313656292029488e-07 1.4260072211116693e-07 1.4244821216917107e-07 1.2750062257446556e-07 1.2693002159675105e-07 1.2068269167301227e-07 1.1904492195606046e-07 1.1649085820924362e-07 1.1604687421774894e-07 1.0429750089339945e-07 1.0307807059096466e-07 1.0174059390554519e-07 1.0146025388407785e-07 9.515153277490658e-08 9.283710556885734e-08 9.223564547909834e-08 9.215136374586549e-08 8.866212219662271e-08 8.058780036266909e-08 7.97698553036758e-08 7.954721900313011e-08 7.946918563441721e-08 7.92968925748761e-08 7.846257233662001e-08 6.416945002877904e-08 6.300149819658961e-08 6.278841953858175e-08 6.277917898601879e-08 6.259552724157258e-08 5.239770206959266e-08 4.888817627094612e-08 4.887746302220925e-08 3.639504460124157e-08 3.547130155316711e-08 3.270090837484005e-08 3.186154543726086e-08 3.032588987156428e-08 3.0283150409270923e-08 2.4700208345424287e-08 2.4261129128446656e-08 2.3600299784652037e-08 2.3561178105055705e-08 1.9640243300501347e-08 1.9440292338911393e-08 1.314521654677754e-08 1.3108443530523105e-08 8.320402025150114e-09 8.310674512652437e-09 8.308801475255673e-09 8.302091237405266e-09 1.90206307374898e-09 0.0 0.0 0.0 0.0 0.0 0.0 0.0 0.0 0.0 0.0 0.0 0.0 0.0 0.0 0.0 0.0 0.0 0.0 0.0 0.0 0.0 0.0 0.0 0.0 0.0 0.0 0.0 0.0 0.0 0.0 0.0 0.0 0.0 0.0 0.0 0.0 0.0 0.0 0.0 0.0 0.0 0.0 0.0 0.0 0.0 0.0 0.0 0.0 0.0 0.0 0.0 0.0 0.0 0.0 0.0 0.0 0.0 0.0 0.0 0.0 0.0 0.0 0.0 0.0 0.0 0.0 0.0 0.0 0.0 0.0 0.0 0.0 0.0 0.0 0.0 0.0 0.0 0.0 0.0 0.0 0.0 0.0 0.0 0.0 0.0 0.0 0.0 0.0 0.0 0.0 0.0 0.0 0.0 0.0 0.0 0.0 0.0 0.0 0.0 0.0 0.0 0.0 0.0 0.0 0.0 0.0 0.0 0.0 0.0 0.0 0.0 0.0 0.0 0.0 0.0 0.0 0.0 0.0 0.0 0.0 0.0 0.0 0.0 0.0 0.0 0.0 0.0 0.0 0.0 0.0 0.0 0.0 0.0 0.0 0.0 0.0 0.0 0.0 0.0 0.0 0.0 0.0 0.0 0.0 0.0 0.0 0.0 0.0 0.0 0.0 0.0 0.0 0.0 0.0 0.0 0.0 0.0 0.0 0.0 0.0 0.0 0.0 0.0 0.0 0.0 0.0 0.0 0.0 0.0 0.0 0.0 0.0 0.0 0.0 0.0 0.0 0.0 0.0 0.0 0.0 0.0 0.0 0.0 0.0 0.0 0.0 0.0 0.0 0.0 0.0 0.0 0.0 0.0 0.0 0.0 0.0 0.0 0.0 0.0 0.0 0.0 0.0 0.0 0.0 0.0 0.0 0.0 0.0 0.0 0.0 0.0 0.0 0.0 0.0 0.0 0.0 0.0 0.0 0.0 0.0 0.0 0.0 0.0 0.0 0.0 0.0 0.0 0.0 0.0 0.0 0.0 0.0 0.0 0.0 0.0 0.0 0.0 0.0 0.0 0.0 0.0 0.0 0.0 0.0 0.0 0.0 0.0 0.0 0.0 0.0 0.0 0.0 0.0 0.0 0.0 0.0 0.0 0.0 0.0 0.0 0.0 0.0 0.0 0.0 0.0 0.0 0.0 0.0 0.0 0.0 0.0 0.0 0.0 0.0 0.0 0.0 0.0 0.0 0.0 0.0 0.0 0.0 0.0 0.0 0.0 0.0 0.0 0.0 0.0 0.0 0.0 0.0 0.0 0.0 0.0 0.0 0.0 0.0 0.0 0.0 0.0 0.0 0.0 0.0 0.0 0.0 0.0 0.0 0.0 0.0 0.0 0.0 0.0 0.0 0.0 0.0 0.0 0.0 0.0 0.0 0.0 0.0 0.0 0.0 0.0 0.0 0.0 0.0 0.0 0.0 0.0 0.0 0.0 0.0 0.0 0.0 0.0 0.0 0.0 0.0 0.0 0.0 0.0 0.0 0.0 0.0 0.0 0.0 0.0 0.0 0.0 0.0 0.0 0.0 0.0 0.0 0.0 0.0 0.0 0.0 0.0 0.0 0.0 0.0 0.0 0.0 0.0 0.0 0.0 0.0 0.0 0.0 0.0 0.0 0.0 0.0 0.0 0.0 0.0 0.0 0.0 0.0 0.0 0.0 0.0 0.0 0.0 0.0 0.0 0.0 0.0 0.0 0.0 0.0 0.0 0.0 0.0 0.0 0.0 0.0 0.0 0.0 0.0 0.0 0.0 0.0 0.0 0.0 0.0 0.0 0.0 0.0 0.0 0.0 0.0 0.0 0.0 0.0 0.0 0.0 0.0 0.0 0.0 0.0 0.0 0.0 0.0 0.0 0.0 0.0 0.0 0.0 0.0 0.0 0.0 0.0 0.0 0.0 0.0 0.0 0.0 0.0 0.0 0.0 0.0 0.0 0.0 0.0 0.0 0.0 0.0 0.0 0.0 0.0 0.0
## eigenvalues of T0123v imag 0.0 0.0 0.0 0.0 0.0 0.0 0.0 0.0 0.0 0.0 0.0 0.0 0.0 0.0 0.0 0.0 0.0 0.0 0.0 0.0 0.0 0.0 0.0 0.0 0.0 0.0 0.0 0.0 0.0 0.0 0.0 0.0 0.0 0.0 0.0 0.0 0.0 0.0 0.0 0.0 0.0 0.0 0.0 0.0 0.0 0.0 0.0 0.0 0.0 0.0 0.0 0.0 0.0 0.0 0.0 0.0 0.0 0.0 0.0 0.0 0.0 0.0 0.0 0.0 0.0 0.0 0.0 0.0 0.0 0.0 0.0 0.0 0.0 0.0 0.0 0.0 0.0 0.0 0.0 0.0 0.0 0.0 0.0 0.0 0.0 0.0 0.0 0.0 0.0 0.0 0.0 0.0 0.0 0.0 0.0 0.0 0.0 0.0 0.0 0.0 0.0 0.0 0.0 0.0 0.0 0.0 0.0 0.0 0.0 0.0 0.0 0.0 0.0 0.0 0.0 0.0 0.0 0.0 0.0 0.0 0.0 0.0 0.0 0.0 0.0 0.0 0.0 0.0 0.0 0.0 0.0 0.0 0.0 0.0 0.0 0.0 0.0 0.0 0.0 0.0 0.0 0.0 0.0 0.0 0.0 0.0 0.0 0.0 0.0 0.0 0.0 0.0 0.0 0.0 0.0 0.0 0.0 0.0 0.0 0.0 0.0 0.0 0.0 0.0 0.0 0.0 0.0 0.0 0.0 0.0 0.0 0.0 0.0 0.0 0.0 0.0 0.0 0.0 0.0 0.0 0.0 0.0 0.0 0.0 0.0 0.0 0.0 0.0 0.0 0.0 0.0 0.0 0.0 0.0 0.0 0.0 0.0 0.0 0.0 0.0 0.0 0.0 0.0 0.0 0.0 0.0 0.0 0.0 0.0 0.0 0.0 0.0 0.0 0.0 0.0 0.0 0.0 0.0 0.0 0.0 0.0 0.0 0.0 0.0 0.0 0.0 0.0 0.0 0.0 0.0 0.0 0.0 0.0 0.0 0.0 0.0 0.0 0.0 0.0 0.0 0.0 0.0 0.0 0.0 0.0 0.0 0.0 0.0 0.0 0.0 0.0 0.0 0.0 0.0 0.0 0.0 0.0 0.0 0.0 0.0 0.0 0.0 0.0 0.0 0.0 0.0 0.0 0.0 0.0 0.0 0.0 0.0 0.0 0.0 0.0 0.0 0.0 0.0 0.0 0.0 0.0 0.0 0.0 0.0 0.0 0.0 0.0 0.0 0.0 0.0 0.0 0.0 0.0 0.0 0.0 0.0 0.0 0.0 0.0 0.0 0.0 0.0 0.0 0.0 0.0 0.0 0.0 0.0 0.0 0.0 0.0 0.0 0.0 0.0 0.0 0.0 0.0 0.0 0.0 0.0 0.0 0.0 0.0 0.0 0.0 0.0 0.0 0.0 0.0 0.0 0.0 0.0 0.0 0.0 0.0 0.0 0.0 0.0 0.0 0.0 0.0 0.0 0.0 0.0 0.0 0.0 0.0 0.0 0.0 0.0 0.0 0.0 0.0 0.0 0.0 0.0 0.0 0.0 0.0 0.0 0.0 0.0 0.0 0.0 0.0 0.0 0.0 0.0 0.0 0.0 0.0 0.0 0.0 0.0 0.0 0.0 0.0 0.0 0.0 0.0 0.0 0.0 0.0 0.0 0.0 0.0 0.0 0.0 0.0 0.0 0.0 0.0 0.0 0.0 0.0 0.0 0.0 0.0 0.0 0.0 0.0 0.0 0.0 0.0 0.0 0.0 0.0 0.0 0.0 0.0 0.0 0.0 0.0 0.0 0.0 0.0 0.0 0.0 0.0 0.0 0.0 0.0 0.0 0.0 0.0 0.0 0.0 0.0 0.0 0.0 0.0 0.0 0.0 0.0 0.0 0.0 0.0 0.0 0.0 0.0 0.0 0.0 0.0 0.0 0.0 0.0 0.0 0.0 0.0 0.0 0.0 0.0 0.0 0.0 0.0 0.0 0.0 0.0 0.0 0.0 0.0 0.0 0.0 0.0 0.0 0.0 0.0 0.0 0.0 0.0 0.0 0.0 0.0 0.0 0.0 0.0 0.0 0.0 0.0 0.0 0.0 0.0 0.0 0.0 0.0 0.0 0.0 0.0 0.0 0.0 0.0 0.0 0.0 0.0 0.0 0.0 0.0 0.0 0.0 0.0 0.0 0.0 0.0 0.0 0.0 0.0 0.0 0.0 0.0 0.0 0.0 0.0 0.0 0.0 0.0 0.0 0.0 0.0 0.0 0.0 0.0 0.0 0.0 0.0 0.0 0.0 0.0 0.0 0.0 0.0 0.0 0.0 0.0 0.0 0.0 0.0 0.0 0.0 0.0 0.0 0.0 0.0 0.0 0.0 0.0 0.0 0.0 0.0 0.0 0.0 0.0 0.0 0.0 0.0 0.0 0.0 0.0 0.0 0.0 0.0 0.0 0.0 0.0 0.0 0.0 0.0 0.0 0.0 0.0 0.0 0.0 0.0 0.0 0.0 0.0 0.0 0.0 0.0 0.0 0.0 0.0 0.0 0.0 0.0 0.0 0.0 0.0 0.0 0.0 0.0 0.0 0.0 0.0 0.0 0.0 0.0 0.0 0.0 0.0 0.0 0.0 0.0 0.0 0.0 0.0 0.0 0.0 0.0 0.0 0.0 0.0 0.0 0.0 0.0 0.0 0.0 0.0 0.0 0.0 0.0 0.0 0.0 0.0 0.0 0.0 0.0 0.0 0.0 0.0 0.0 0.0 0.0 0.0 0.0 0.0 0.0 0.0 0.0 0.0 0.0 0.0 0.0 0.0 0.0 0.0 0.0 0.0 0.0 0.0 0.0 0.0 0.0 0.0 0.0 0.0 0.0 0.0 0.0 0.0 0.0 0.0 0.0 0.0 0.0 0.0 0.0 0.0 0.0 0.0 0.0 0.0 0.0 0.0 0.0 0.0 0.0 0.0 0.0 0.0 0.0 0.0 0.0 0.0 0.0 0.0 0.0 0.0 0.0 0.0 0.0 0.0 0.0 0.0 0.0 0.0 0.0 0.0 0.0 0.0 0.0 0.0 0.0 0.0 0.0 0.0 0.0 0.0 0.0 0.0 0.0 0.0 0.0 0.0 0.0 0.0 0.0 0.0 0.0 0.0 0.0 0.0 0.0 0.0 0.0 0.0 0.0 0.0 0.0 0.0 0.0 0.0 0.0 0.0 0.0 0.0 0.0 0.0 0.0 0.0 0.0 0.0 0.0 0.0 0.0 0.0 0.0 0.0 0.0 0.0 0.0 0.0 0.0 0.0 0.0 0.0 0.0 0.0 0.0 0.0 0.0 0.0 0.0 0.0 0.0 0.0 0.0 0.0 0.0 0.0 0.0 0.0 0.0 0.0 0.0 0.0 0.0 0.0 0.0 0.0 0.0 0.0 0.0 0.0 0.0 0.0 0.0 0.0 0.0 0.0 0.0 0.0 0.0 0.0 0.0 0.0 0.0 0.0 0.0 0.0 0.0 0.0 0.0 0.0 0.0 0.0 0.0 0.0 0.0 0.0 0.0 0.0 0.0 0.0 0.0 0.0 0.0 0.0 0.0 0.0 0.0 0.0 0.0 0.0 0.0 0.0 0.0 0.0 0.0 0.0 0.0 0.0 0.0 0.0 0.0 0.0 0.0 0.0 0.0 0.0 0.0 0.0 0.0 0.0 0.0 0.0 0.0 0.0 0.0 0.0 0.0 0.0 0.0 0.0 0.0 0.0 0.0 0.0 0.0 0.0 0.0 0.0 0.0 0.0 0.0 0.0 0.0 0.0 0.0 0.0 0.0 0.0 0.0 0.0 0.0 0.0 0.0 0.0 0.0 0.0 0.0 0.0 0.0 0.0 0.0 0.0 0.0 0.0 0.0 0.0 0.0 0.0 0.0 0.0 0.0 0.0 0.0 0.0 0.0 0.0 0.0 0.0 0.0 0.0 0.0 0.0 0.0 0.0 0.0 0.0 0.0 0.0 0.0 0.0 0.0 0.0 0.0 0.0 0.0 0.0 0.0 0.0 0.0 0.0 0.0 0.0 0.0 0.0 0.0 0.0 0.0 0.0 0.0 0.0 0.0 0.0 0.0 0.0 0.0 0.0 0.0 0.0 0.0 0.0 0.0 0.0 0.0 0.0 0.0 0.0 0.0 0.0 0.0 0.0 0.0 0.0 0.0 0.0 0.0 0.0 0.0 0.0 0.0 0.0 0.0 0.0 0.0 0.0 0.0 0.0 0.0 0.0 0.0 0.0 0.0 0.0 0.0 0.0 0.0 0.0 0.0 0.0 0.0 0.0 0.0 0.0 0.0 0.0 0.0 0.0 0.0 0.0 0.0 0.0 0.0 0.0 0.0 0.0 0.0 0.0 0.0 0.0 0.0 0.0 0.0 0.0 0.0 0.0 0.0 0.0 0.0 0.0 0.0 0.0 0.0 0.0 0.0 0.0 0.0 0.0 0.0 0.0 0.0 0.0 0.0 0.0 0.0 0.0 0.0 0.0 0.0 0.0 0.0 0.0 0.0 0.0 0.0 0.0 0.0 0.0 0.0 0.0 0.0 0.0 0.0 0.0 0.0 0.0 0.0 0.0 0.0 0.0 0.0 0.0 0.0 0.0 0.0 0.0 0.0 0.0 0.0 0.0 0.0 0.0 0.0 0.0 0.0 0.0 0.0 0.0 0.0 0.0 0.0 0.0 0.0 0.0 0.0 0.0 0.0 0.0 0.0 0.0 0.0 0.0 0.0 0.0 0.0 0.0 0.0 0.0 0.0 0.0 0.0 0.0 0.0 0.0 0.0 0.0 0.0 0.0 0.0 0.0 0.0 0.0 0.0 0.0 0.0 0.0 0.0 0.0 0.0 0.0 0.0 0.0 0.0 0.0 0.0 0.0 0.0 0.0 0.0 0.0 0.0 0.0 0.0 0.0 0.0 0.0 0.0 0.0 0.0 0.0 0.0 0.0 0.0 0.0 0.0 0.0 0.0 0.0 0.0 0.0 0.0 0.0 0.0 0.0 0.0 0.0 0.0 0.0 0.0 0.0 0.0 0.0 0.0 0.0 0.0 0.0 0.0 0.0 0.0 0.0 0.0 0.0 0.0 0.0 0.0 0.0 0.0 0.0 0.0 0.0 0.0 0.0 0.0 0.0 0.0 0.0 0.0 0.0 0.0 0.0 0.0 0.0 0.0 0.0 0.0 0.0 0.0 0.0 0.0 0.0 0.0 0.0 0.0 0.0 0.0 0.0 0.0 0.0 0.0 0.0 0.0 0.0 0.0 0.0 0.0 0.0 0.0 0.0 0.0 0.0 0.0 0.0 0.0 0.0 0.0 0.0 0.0 0.0 0.0 0.0 0.0 0.0 0.0 0.0 0.0 0.0 0.0 0.0 0.0 0.0 0.0 0.0 0.0 0.0 0.0 0.0 0.0 0.0 0.0 0.0 0.0 0.0 0.0 0.0 0.0 0.0 0.0 0.0 0.0 0.0 0.0 0.0 0.0 0.0 0.0 0.0 0.0 0.0 0.0 0.0 0.0 0.0 0.0 0.0 0.0 0.0 0.0 0.0 0.0 0.0 0.0 0.0 0.0 0.0 0.0 0.0 0.0 0.0 0.0 0.0 0.0 0.0 0.0 0.0 0.0 0.0 0.0 0.0 0.0 0.0 0.0 0.0 0.0 0.0 0.0
## eigenvalues of T0123v imag max 0.0
## hx,i,norm,mx,my,mz,sqrt(sum m^2)  1.55 0 (1.1095203982537187+0j) 0.4596907560724085 0.0 -1.0782719283447807e-06 0.45969075607367316
## hx,i,norm,mx,my,mz,sqrt(sum m^2)  1.55 1 (1.109520398253721+0j) 0.4596907560724086 0.0 -1.0782719263935435e-06 0.4596907560736732
## hx,num,norm_x,norm_y,xx[0],xx[1],yy[0],yy[1],zz[0],zz[1]  1.55 0 (1.1644897795145233+0j) (1.1644916261090419+0j) 0.21895614429841018 0.2189543405747103 -0.034877481950236496 -0.034872063067558016 0.05431030097625736 0.05430566978692988
## hx,num,norm_x,norm_y,xx[0],xx[1],yy[0],yy[1],zz[0],zz[1]  1.55 1 (1.1644910046455914+0j) (1.1644917035914806+0j) 0.21895516116901767 0.21895460714994 -0.03487462622985386 -0.034872827743845515 0.05430767223166883 0.054306395108412904
1.55 -0.8211356909638678 0.45969075607367316 -0.05430898660396309 -0.05430603244767139
## hx,mx,mz0mz1 1.55 0.45969075607240856 0.05430750952581724
## time simple update= 9.53674316406e-07
## time full update= 0.0
## time environment= 8.24491810799
## time observable= 0.167981863022
