## Logs: seed = 11
## Logs: Jxy = 0.0
## Logs: Jz = -1.0
## Logs: hx = 1.55
## Logs: tau = 0.0128
## Logs: tau_step = 100
## Logs: tau_full = 0.01
## Logs: tau_full_step = 0
## Logs: second_ST = True
## Logs: initial_type = -1
## Logs: input_file = input_Tn.npz
## Logs: output_file = output
### CTM: count to convergence, sig_max =  8 3.584257804405725e-07
## np.allclose(T0123h,T0123h.T,rtol=1e-6,atol=1e-6) False
## eigenvalues of T0123h abs 1.0627593226778531 0.41177318859165213 0.33568339830488014 0.23686723279229988 0.1434139134829618 0.1280202021577799 0.12685386495880624 0.08982838526096609 0.07546441282659037 0.07543436391362822 0.0751401939056164 0.052165332054978884 0.039073934137276264 0.03895941160968089 0.03715000837277013 0.03712909416966571 0.03705592423053548 0.031933636001685674 0.028690431598102865 0.02203748375038654 0.020790927184158016 0.020787237866529844 0.019508781515749488 0.018867558858161743 0.01788853244432911 0.016831300729821027 0.016152271911697068 0.015388660247254812 0.013291581211780345 0.011582198185071302 0.010907338588463962 0.01000778727085102 0.009832371775782235 0.009810965094635029 0.008516920642748635 0.0080670286539724 0.008004713415510832 0.007167122153939603 0.0070236577914717015 0.00687005524970933 0.006614196704848415 0.006564721416810273 0.00649317049219027 0.006220306813840715 0.0060008377048834625 0.005650443847263182 0.005168848666806661 0.004882301451690261 0.0048760718699646195 0.004063713780757404 0.003958440500593147 0.0037603914498058506 0.0037406065108733823 0.0036082213086985945 0.0034724528187382283 0.003372041227649841 0.003242292045585817 0.0030343630697301925 0.002965659275675568 0.0029656082175765677 0.002452654818332267 0.002430092588698847 0.0023138926424848237 0.0022536991526611165 0.0021899436958624126 0.002185087364403181 0.0020674561671640205 0.0019429618999617824 0.0019247747785222232 0.0018847505652558728 0.001880041162370777 0.0018496037385842955 0.001741687238856769 0.0016904207653965337 0.0016535972213918288 0.0016177414626446212 0.0015659495823788243 0.0015638015176267892 0.0014624788110661913 0.0014144819261225528 0.001395037946951791 0.001339564166030655 0.001268174466792906 0.001245963097231693 0.0011724730460884473 0.0011679512524147893 0.0011191975097375715 0.001108883796439199 0.0010634199553973605 0.0010490024071155768 0.0010016939399950537 0.0009314278062506284 0.0009301218909042213 0.0009050533467083217 0.0008959967102095359 0.000832054192907399 0.0008250378269026624 0.0007765471437700435 0.0007088219314297264 0.0006828282834792443 0.0006818441669243857 0.0006458761624334664 0.0006385479029820679 0.0006213773538106523 0.0006206406922555628 0.0005559128613182549 0.0005247868199670888 0.0005070144168805091 0.0005064445306413055 0.0005064393265133696 0.00048180357540057023 0.0004717961681449006 0.0004704362058036425 0.000469421278418157 0.0004665265542228334 0.0004528632634397764 0.00043052235330529677 0.0004287049680927127 0.000415512613373828 0.00041539070620365563 0.00040522180375209666 0.00040046533697155756 0.00038715325324447606 0.00037461711757529346 0.0003717431791107838 0.000349993371108437 0.0003288742858740408 0.00032647519835949225 0.0003229338918047649 0.00032122987468313226 0.0003151912462214883 0.0002940078513208127 0.0002891933452825242 0.0002750112085140243 0.00026770523091582116 0.0002596612701036612 0.0002462102221245567 0.00022913696667942995 0.0002236957807778345 0.00022293708569044376 0.00021669115424710985 0.00021649471489678494 0.00021199214299161192 0.00020997618568184532 0.0002078464886391117 0.00018953916727826835 0.00018315854496660702 0.00017472579953334432 0.00017282532988025057 0.00016585233476298 0.00016313659503244262 0.00016050495759274146 0.00015805081303402592 0.00015796608292120785 0.00015220456818723857 0.00015073847498471587 0.00014360628132343648 0.00014036648446117469 0.00013686413093283193 0.00013286178689144349 0.00013158648678303784 0.00013071537980994068 0.00013062195060343384 0.00012743400634713297 0.00012399007661115943 0.00012311133634515607 0.00012139325115114401 0.00011731976281102719 0.00011379000926851616 9.179616146007364e-05 9.081295688998424e-05 9.068396458322415e-05 8.901279273310169e-05 8.62361775265939e-05 8.121921198505207e-05 7.73746964862672e-05 7.734601414239669e-05 7.543664425842295e-05 7.215202660016646e-05 7.070029953842164e-05 6.852255298585568e-05 6.548176268991034e-05 6.512981356026521e-05 6.453063811899026e-05 6.255977468837502e-05 5.6224238417072484e-05 5.5663806236285896e-05 5.469560109886208e-05 5.4103336544605755e-05 5.21813568827921e-05 5.164448036801799e-05 5.153860855111355e-05 5.085673359964503e-05 4.8324126011749504e-05 4.795455593818535e-05 4.746494250598172e-05 4.7298875743802955e-05 4.652459291411795e-05 4.470031643492055e-05 4.2958188384944835e-05 4.134124453530653e-05 4.127976441731985e-05 3.9630687863430974e-05 3.937636542966881e-05 3.883905639572853e-05 3.568601257615478e-05 3.521378403212969e-05 3.491938068137781e-05 3.39485254160482e-05 3.384990315892634e-05 3.308425104153231e-05 3.297150197275499e-05 3.085635935162e-05 2.931757801811038e-05 2.8873024067051736e-05 2.7779566376140282e-05 2.750391059675133e-05 2.7494987552530967e-05 2.675850043498834e-05 2.6687782978886158e-05 2.6086624412340254e-05 2.432170654586399e-05 2.365975250506187e-05 2.2764913347496495e-05 2.275872402752175e-05 2.275539330302659e-05 2.254300968140046e-05 2.2331188664539842e-05 1.9969292486066418e-05 1.7933199520067066e-05 1.791513799707418e-05 1.782405233773419e-05 1.571899505514213e-05 1.5698371813068572e-05 1.5544484063562395e-05 1.5389870964957536e-05 1.5222652328018875e-05 1.3131041612836508e-05 1.2526198463556228e-05 1.0568694957965264e-05 1.0411075345746587e-05 1.0147280592576866e-05 9.440479601912825e-06 9.414956549238503e-06 9.052186163129e-06 9.048181180640502e-06 8.770458518899738e-06 8.748613581513526e-06 8.623692667055703e-06 8.432083163044524e-06 8.340215729375046e-06 8.306195501156796e-06 7.790296162402631e-06 7.655456314784646e-06 7.460339527126078e-06 7.3656531611777756e-06 7.118567380181891e-06 7.101547160582147e-06 6.441991250139993e-06 6.382077056470179e-06 5.64477722001201e-06 5.540589011757334e-06 5.468601227436485e-06 5.287353333005597e-06 5.134889510832693e-06 4.943166831623708e-06 4.8326634444578834e-06 4.7090379244040475e-06 4.684003287078627e-06 4.66544669281414e-06 4.599342868524946e-06 3.77036818976015e-06 3.7599394772132974e-06 3.24362619617512e-06 3.2339674705169356e-06 3.197313408596785e-06 3.1667662587915164e-06 3.0389055648086603e-06 3.020246381879843e-06 2.901765296099334e-06 2.8960904080630443e-06 2.150032046851285e-06 2.1087306902442263e-06 2.0676195447367383e-06 2.044684083257049e-06 1.9504100378655333e-06 1.892487917670358e-06 1.8907107794785054e-06 1.8305515609664624e-06 1.8244662492041662e-06 1.763026099653291e-06 1.2611002640147303e-06 1.174536493896771e-06 1.1682020464879834e-06 9.389156676873125e-07 9.24757958038165e-07 8.317179211138526e-07 7.945329831647487e-07 7.875774463506012e-07 6.767356548824377e-07 6.667700943371555e-07 6.662892490881041e-07 6.467840734122483e-07 5.985306559861621e-07 4.488508076501619e-07 4.012523146669579e-07 3.593052988763433e-07 3.5881423552948334e-07 3.1998316933207264e-07 3.1837522749654397e-07 2.9119929182486417e-07 2.902646803206318e-07 2.7862981169034043e-07 1.9352871420065144e-07 1.933413009780294e-07 7.914627377950212e-08 7.9096803318631e-08 7.17952005035117e-08 5.9269086824968117e-08 4.12099894513756e-08 4.0172510906306766e-08 2.704232446341393e-08 2.676366480825775e-08 2.433592389082778e-09
## eigenvalues of T0123h real 1.0627593226778531 0.41177318859165213 0.33568339830488014 0.23686723279229988 0.1434139134829618 0.1280202021577799 0.12685386495880624 0.08982838526096609 0.07546441282659037 0.07543436391362822 0.0751401939056164 0.052165332054978884 0.039073934137276264 0.03895941160968089 0.03715000837277013 0.03712909416966571 0.03705592423053548 0.031933636001685674 0.028690431598102865 0.02203748375038654 0.020790927184158016 0.020787237866529844 0.019508781515749488 0.018867558858161743 0.01788853244432911 0.016831300729821027 0.016152271911697068 0.015388660247254812 0.013291581211780345 0.011582198185071302 0.010907338588463962 0.01000778727085102 0.009832371775782235 0.009810965094635029 0.008516920642748635 0.0080670286539724 0.008004713415510832 0.007167122153939603 0.0070236577914717015 0.00687005524970933 0.006614196704848415 0.006564721416810273 0.00649317049219027 0.006220306813840715 0.0060008377048834625 0.005650443847263182 0.005168848666806661 0.004882301451690261 0.0048760718699646195 0.004063713780757404 0.003958440500593147 0.0037603914498058506 0.0037406065108733823 0.0036082213086985945 0.0034724528187382283 0.003372041227649841 0.003242292045585817 0.0030343630697301925 0.002965659275675568 0.0029656082175765677 0.002452654818332267 0.002430092588698847 0.0023138926424848237 0.0022536991526611165 0.0021899436958624126 0.002185087364403181 0.0020674561671640205 0.0019429618999617824 0.0019247747785222232 0.0018847505652558728 0.001880041162370777 0.0018496037385842955 0.001741687238856769 0.0016904207653965337 0.0016535972213918288 0.0016177414626446212 0.0015659495823788243 0.0015638015176267892 0.0014624788110661913 0.0014144819261225528 0.001395037946951791 0.001339564166030655 0.001268174466792906 0.001245963097231693 0.0011724730460884473 0.0011679512524147893 0.0011191975097375715 0.001108883796439199 0.0010634199553973605 0.0010490024071155768 0.0010016939399950537 0.0009314278062506284 0.0009301218909042213 0.0009050533467083217 0.0008959967102095359 0.000832054192907399 0.0008250378269026624 0.0007765471437700435 0.0007088219314297264 0.0006828282834792443 0.0006818441669243857 0.0006458761624334664 0.0006385479029820679 0.0006213773538106523 0.0006206406922555628 0.0005559128613182549 0.0005247868199670888 0.0005070144168805091 0.0005064445306413055 0.0005064393265133696 0.00048180357540057023 0.0004717961681449006 0.0004704362058036425 0.000469421278418157 0.0004665265542228334 0.0004528632634397764 0.00043052235330529677 0.0004287049680927127 0.000415512613373828 0.00041539070620365563 0.00040522180375209666 0.00040046533697155756 0.00038715325324447606 0.00037461711757529346 0.0003717431791107838 0.000349993371108437 0.0003288742858740408 0.00032647519835949225 0.0003229338918047649 0.00032122987468313226 0.0003151912462214883 0.0002940078513208127 0.0002891933452825242 0.0002750112085140243 0.00026770523091582116 0.0002596612701036612 0.0002462102221245567 0.00022913696667942995 0.0002236957807778345 0.00022293708569044376 0.00021669115424710985 0.00021649471489678494 0.00021199214299161192 0.00020997618568184532 0.0002078464886391117 0.00018953916727826835 0.00018315854496660702 0.00017472579953334432 0.00017282532988025057 0.00016585233476298 0.00016313659503244262 0.00016050495759274146 0.00015805081303402592 0.00015796608292120785 0.00015220456818723857 0.00015073847498471587 0.00014360628132343648 0.00014036648446117469 0.00013686413093283193 0.00013286178689144349 0.00013158648678303784 0.00013071537980994068 0.00013062195060343384 0.00012743400634713297 0.00012399007661115943 0.00012311133634515607 0.00012139325115114401 0.00011731976281102719 0.00011379000926851616 9.179616146007364e-05 9.081295688998424e-05 9.068396458322415e-05 8.901279273310169e-05 8.62361775265939e-05 8.121921198505207e-05 7.73746964862672e-05 7.734601414239669e-05 7.543664425842295e-05 7.215202660016646e-05 7.070029953842164e-05 6.852255298585568e-05 6.548176268991034e-05 6.512981356026521e-05 6.453063811899026e-05 6.255977468837502e-05 5.6224238417072484e-05 5.5663806236285896e-05 5.469560109886208e-05 5.4103336544605755e-05 5.21813568827921e-05 5.164448036801799e-05 5.153860855111355e-05 5.085673359964503e-05 4.8324126011749504e-05 4.795455593818535e-05 4.746494250598172e-05 4.7298875743802955e-05 4.652459291411795e-05 4.470031643492055e-05 4.2958188384944835e-05 4.134124453530653e-05 4.127976441731985e-05 3.9630687863430974e-05 3.937636542966881e-05 3.883905639572853e-05 3.568601257615478e-05 3.521378403212969e-05 3.491938068137781e-05 3.39485254160482e-05 3.384990315892634e-05 3.308425104153231e-05 3.297150197275499e-05 3.085635935162e-05 2.931757801811038e-05 2.8873024067051736e-05 2.7779566376140282e-05 2.750391059675133e-05 2.7494987552530967e-05 2.675850043498834e-05 2.6687782978886158e-05 2.6086624412340254e-05 2.432170654586399e-05 2.365975250506187e-05 2.2764913347496495e-05 2.275872402752175e-05 2.275539330302659e-05 2.254300968140046e-05 2.2331188664539842e-05 1.9969292486066418e-05 1.7933199520067066e-05 1.791513799707418e-05 1.782405233773419e-05 1.571899505514213e-05 1.5698371813068572e-05 1.5544484063562395e-05 1.5389870964957536e-05 1.5222652328018875e-05 1.3131041612836508e-05 1.2526198463556228e-05 1.0568694957965264e-05 1.0411075345746587e-05 1.0147280592576866e-05 9.440479601912825e-06 9.414956549238503e-06 9.052186163129e-06 9.048181180640502e-06 8.770458518899738e-06 8.748613581513526e-06 8.623692667055703e-06 8.432083163044524e-06 8.340215729375046e-06 8.306195501156796e-06 7.790296162402631e-06 7.655456314784646e-06 7.460339527126078e-06 7.3656531611777756e-06 7.118567380181891e-06 7.101547160582147e-06 6.441991250139993e-06 6.382077056470179e-06 5.64477722001201e-06 5.540589011757334e-06 5.468601227436485e-06 5.287353333005597e-06 5.134889510832693e-06 4.943166831623708e-06 4.8326634444578834e-06 4.7090379244040475e-06 4.684003287078627e-06 4.66544669281414e-06 4.599342868524946e-06 3.77036818976015e-06 3.7599394772132974e-06 3.24362619617512e-06 3.2339674705169356e-06 3.197313408596785e-06 3.1667662587915164e-06 3.0389055648086603e-06 3.020246381879843e-06 2.901765296099334e-06 2.8960904080630443e-06 2.150032046851285e-06 2.1087306902442263e-06 2.0676195447367383e-06 2.044684083257049e-06 1.9504100378655333e-06 1.892487917670358e-06 1.8907107794785054e-06 1.8305515609664624e-06 1.8244662492041662e-06 1.763026099653291e-06 1.2611002640147303e-06 1.174536493896771e-06 1.1682020464879834e-06 9.389156676873125e-07 9.24757958038165e-07 8.317179211138526e-07 7.945329831647487e-07 7.875774463506012e-07 6.767356548824377e-07 6.667700943371555e-07 6.662892490881041e-07 6.467840734122483e-07 5.985306559861621e-07 4.488508076501619e-07 4.012523146669579e-07 3.593052988763433e-07 3.5881423552948334e-07 3.1998316933207264e-07 3.1837522749654397e-07 2.9119929182486417e-07 2.902646803206318e-07 2.7862981169034043e-07 1.9352871420065144e-07 1.933413009780294e-07 7.914627377950212e-08 7.9096803318631e-08 7.17952005035117e-08 5.9269086824968117e-08 4.12099894513756e-08 4.0172510906306766e-08 2.704232446341393e-08 2.676366480825775e-08 2.433592389082778e-09
## eigenvalues of T0123h imag 0.0 0.0 0.0 0.0 0.0 0.0 0.0 0.0 0.0 0.0 0.0 0.0 0.0 0.0 0.0 0.0 0.0 0.0 0.0 0.0 0.0 0.0 0.0 0.0 0.0 0.0 0.0 0.0 0.0 0.0 0.0 0.0 0.0 0.0 0.0 0.0 0.0 0.0 0.0 0.0 0.0 0.0 0.0 0.0 0.0 0.0 0.0 0.0 0.0 0.0 0.0 0.0 0.0 0.0 0.0 0.0 0.0 0.0 0.0 0.0 0.0 0.0 0.0 0.0 0.0 0.0 0.0 0.0 0.0 0.0 0.0 0.0 0.0 0.0 0.0 0.0 0.0 0.0 0.0 0.0 0.0 0.0 0.0 0.0 0.0 0.0 0.0 0.0 0.0 0.0 0.0 0.0 0.0 0.0 0.0 0.0 0.0 0.0 0.0 0.0 0.0 0.0 0.0 0.0 0.0 0.0 0.0 0.0 0.0 0.0 0.0 0.0 0.0 0.0 0.0 0.0 0.0 0.0 0.0 0.0 0.0 0.0 0.0 0.0 0.0 0.0 0.0 0.0 0.0 0.0 0.0 0.0 0.0 0.0 0.0 0.0 0.0 0.0 0.0 0.0 0.0 0.0 0.0 0.0 0.0 0.0 0.0 0.0 0.0 0.0 0.0 0.0 0.0 0.0 0.0 0.0 0.0 0.0 0.0 0.0 0.0 0.0 0.0 0.0 0.0 0.0 0.0 0.0 0.0 0.0 0.0 0.0 0.0 0.0 0.0 0.0 0.0 0.0 0.0 0.0 0.0 0.0 0.0 0.0 0.0 0.0 0.0 0.0 0.0 0.0 0.0 0.0 0.0 0.0 0.0 0.0 0.0 0.0 0.0 0.0 0.0 0.0 0.0 0.0 0.0 0.0 0.0 0.0 0.0 0.0 0.0 0.0 0.0 0.0 0.0 0.0 0.0 0.0 0.0 0.0 0.0 0.0 0.0 0.0 0.0 0.0 0.0 0.0 0.0 0.0 0.0 0.0 0.0 0.0 0.0 0.0 0.0 0.0 0.0 0.0 0.0 0.0 0.0 0.0 0.0 0.0 0.0 0.0 0.0 0.0 0.0 0.0 0.0 0.0 0.0 0.0 0.0 0.0 0.0 0.0 0.0 0.0 0.0 0.0 0.0 0.0 0.0 0.0 0.0 0.0 0.0 0.0 0.0 0.0 0.0 0.0 0.0 0.0 0.0 0.0 0.0 0.0 0.0 0.0 0.0 0.0 0.0 0.0 0.0 0.0 0.0 0.0 0.0 0.0 0.0 0.0 0.0 0.0 0.0 0.0 0.0 0.0 0.0 0.0 0.0 0.0 0.0 0.0 0.0 0.0 0.0 0.0 0.0 0.0 0.0 0.0 0.0 0.0 0.0 0.0 0.0 0.0 0.0 0.0
## eigenvalues of T0123h imag max 0.0
## np.allclose(T0123v,T0123v.T,rtol=1e-6,atol=1e-6) False
## eigenvalues of T0123v abs 1.062761645849239 0.4117787617254683 0.3356894333289896 0.23687318328458107 0.14341887727955852 0.1280239308390112 0.1268601531824198 0.0898338241826475 0.07546746192235318 0.07543785744823646 0.07514304441755268 0.05216959649610847 0.039075969281702816 0.03896172563946581 0.03715210630276964 0.037131617928789815 0.037058450730336236 0.031935309673121706 0.028693655914331456 0.02204075497605106 0.020792521503945987 0.020788926697274508 0.01951040898634976 0.01886926550148459 0.017890163788327574 0.016832471540241128 0.01615343707704581 0.015389947963631726 0.01329452081819912 0.011583107854435726 0.01090839251872336 0.010008993064908578 0.009833514065849815 0.009811985057146559 0.008517568521167954 0.008067630315667006 0.008005595393881272 0.007167653737056179 0.007024491364066321 0.006871188322700235 0.006614951441738421 0.006565483183351293 0.006493809821214778 0.006221488277136086 0.006001686172783158 0.005651197201968799 0.005169364122118976 0.004882855341589758 0.004876557794231426 0.00406420811237695 0.003958902393373244 0.003761171644349964 0.0037413844405561713 0.0036087165034718563 0.003472830269687233 0.0033724000534423736 0.0032427209261435158 0.003034940993468232 0.0029662952155457556 0.002966228136170917 0.0024530546967310714 0.0024304000525624935 0.0023141849563633253 0.0022540369006049596 0.002190199155309974 0.0021854037223665236 0.002067765000657257 0.0019432025026641076 0.0019250437767116236 0.0018851882597811847 0.001880219756723872 0.0018498738834388639 0.0017419157107923802 0.0016908491279534015 0.0016539112925293255 0.001617963179017584 0.0015661472650603842 0.0015643538125174488 0.0014637722730842333 0.0014146794196476362 0.0013952904280773817 0.0013397504431195734 0.001269769056499025 0.0012462422161980693 0.0011726418045866942 0.0011681638096264157 0.0011194584702884022 0.0011091885130021524 0.0010635770297371674 0.001049160969392881 0.0010019470271433208 0.0009317390339732209 0.0009302672537293526 0.0009054117684192305 0.0008961459032775976 0.0008321822875818742 0.00082518763144503 0.0007766757853072439 0.000708930507178941 0.0006829788626423214 0.000681999304190015 0.0006460340928093749 0.0006387038892091769 0.0006214824298281683 0.0006208709385965206 0.0005560120865929248 0.0005251384564600065 0.0005072238011660849 0.0005065700420860352 0.000506534096770461 0.00048187742930692136 0.0004718812795194285 0.00047063751369891526 0.0004695474700218504 0.0004666204427770922 0.0004534182912661686 0.00043062396904852777 0.0004287690236170981 0.000415894661131279 0.0004154714279442173 0.0004053181150423746 0.00040054858964082675 0.00038722519967844017 0.0003746705649778867 0.0003717967710175778 0.000350051512840308 0.0003289308246241081 0.00032653608706299217 0.00032304711258925533 0.0003213383321810376 0.00031524103310909637 0.0002940595871428287 0.0002892524535120147 0.0002750698919873789 0.0002677602553097688 0.00025979138208268493 0.0002462765281530158 0.00022942876107709121 0.00022397336525682474 0.0002229826072778581 0.0002167288051159604 0.000216531647659055 0.00021204034176175657 0.00021003048193664583 0.00020789142813600026 0.00018959673282377263 0.0001832293477463903 0.00017475762728703066 0.0001728812973517466 0.00016593451157987787 0.00016321598734016313 0.00016055823123016104 0.00015810094208947866 0.00015799756909820264 0.00015224575743437143 0.0001507919678516519 0.00014366181238605635 0.00014040919328346316 0.00013689087269300038 0.0001329069662292725 0.00013174844309779142 0.00013078303929684332 0.00013074073312347237 0.00012747912247696274 0.00012403348273168994 0.00012315613272891306 0.00012141809899463163 0.0001173641071796753 0.00011382952181971508 9.181662127962503e-05 9.083570540488193e-05 9.070348447215398e-05 8.90318609538686e-05 8.625064572385483e-05 8.125454475862575e-05 7.747140213974177e-05 7.744491731510169e-05 7.54506710910778e-05 7.218510638355306e-05 7.07315815106329e-05 6.853584844451485e-05 6.551210093711425e-05 6.514559727897449e-05 6.454581585707329e-05 6.258682167968203e-05 5.6288649460446936e-05 5.573647157423632e-05 5.472197271547443e-05 5.4145589198524935e-05 5.2196777984092865e-05 5.165965978356053e-05 5.155717928146161e-05 5.088725985596602e-05 4.837531448027518e-05 4.796622036261813e-05 4.7477083891264506e-05 4.735071576101382e-05 4.6548678580059225e-05 4.474805791959606e-05 4.300097530203113e-05 4.135102889732807e-05 4.128942937601518e-05 3.963913954289585e-05 3.938509793691071e-05 3.8865525438965525e-05 3.5695476141343844e-05 3.523166614679793e-05 3.4929809034067486e-05 3.3958795455215635e-05 3.385957859754935e-05 3.309395844735178e-05 3.2978867791323224e-05 3.0874368615764875e-05 2.9323821275627577e-05 2.8889460046678575e-05 2.7788718087692098e-05 2.7514565860414228e-05 2.750127278114975e-05 2.677000721924695e-05 2.669979070984346e-05 2.610085264690708e-05 2.4329982748059485e-05 2.3667444430460463e-05 2.2798388639640236e-05 2.2773379570949128e-05 2.2762633863555292e-05 2.2550291912373257e-05 2.2363078396578748e-05 1.9982168735245427e-05 1.7944264883895464e-05 1.7937207463855304e-05 1.7845927428766237e-05 1.5726851206327122e-05 1.5706545510248178e-05 1.556192190483136e-05 1.540725152487279e-05 1.5229429360235426e-05 1.3134172224415462e-05 1.2534860394032332e-05 1.0571163728174392e-05 1.0418134218164324e-05 1.014972036273125e-05 9.445198541100554e-06 9.41967959867073e-06 9.063596827934118e-06 9.060025565403442e-06 8.780217465272985e-06 8.75073487076591e-06 8.63266287202896e-06 8.434177702667454e-06 8.342608653164794e-06 8.308447679393956e-06 7.800782240983017e-06 7.66557411506708e-06 7.470278662748961e-06 7.3754192169962174e-06 7.123123494222405e-06 7.106098192900864e-06 6.444145813687066e-06 6.387417988361286e-06 5.646698414193689e-06 5.543520439305103e-06 5.471514609711216e-06 5.2951066451529206e-06 5.142454400185244e-06 4.945771082625701e-06 4.835218153261266e-06 4.711552360690096e-06 4.689318175452366e-06 4.667979907707979e-06 4.604477546440909e-06 3.7725923173081913e-06 3.762156256384058e-06 3.2456583697736348e-06 3.236047770623442e-06 3.1993648431131736e-06 3.1687295414111012e-06 3.040768942864446e-06 3.022076274361646e-06 2.9049620368744794e-06 2.899284039019575e-06 2.1518972271537237e-06 2.1102394646595068e-06 2.06818952108886e-06 2.0470016466905515e-06 1.9526597095837313e-06 1.8949872002294938e-06 1.8932098725597037e-06 1.8328376863656785e-06 1.8264702333237471e-06 1.7668877960864113e-06 1.2631898466259862e-06 1.1751848459145702e-06 1.1688467362923423e-06 9.401046480385688e-07 9.262630159866766e-07 8.332295629420076e-07 7.95026629690434e-07 7.880805242588475e-07 6.776067280835891e-07 6.67535045792997e-07 6.670539180200632e-07 6.473324474150476e-07 5.995619597838849e-07 4.492662606032721e-07 4.016211410890908e-07 3.5972044678857986e-07 3.5922925511224485e-07 3.20356502299619e-07 3.1874862447764776e-07 2.915349484478546e-07 2.906012000220415e-07 2.7891094437587017e-07 1.9377389642812734e-07 1.9358632275614663e-07 7.923963851967746e-08 7.919009040564553e-08 7.196387810061865e-08 5.940721153711449e-08 4.127032462146459e-08 4.0231745566467406e-08 2.7084161936694397e-08 2.6805419982195376e-08 2.4387292396059666e-09
## eigenvalues of T0123v real 1.062761645849239 0.4117787617254683 0.3356894333289896 0.23687318328458107 0.14341887727955852 0.1280239308390112 0.1268601531824198 0.0898338241826475 0.07546746192235318 0.07543785744823646 0.07514304441755268 0.05216959649610847 0.039075969281702816 0.03896172563946581 0.03715210630276964 0.037131617928789815 0.037058450730336236 0.031935309673121706 0.028693655914331456 0.02204075497605106 0.020792521503945987 0.020788926697274508 0.01951040898634976 0.01886926550148459 0.017890163788327574 0.016832471540241128 0.01615343707704581 0.015389947963631726 0.01329452081819912 0.011583107854435726 0.01090839251872336 0.010008993064908578 0.009833514065849815 0.009811985057146559 0.008517568521167954 0.008067630315667006 0.008005595393881272 0.007167653737056179 0.007024491364066321 0.006871188322700235 0.006614951441738421 0.006565483183351293 0.006493809821214778 0.006221488277136086 0.006001686172783158 0.005651197201968799 0.005169364122118976 0.004882855341589758 0.004876557794231426 0.00406420811237695 0.003958902393373244 0.003761171644349964 0.0037413844405561713 0.0036087165034718563 0.003472830269687233 0.0033724000534423736 0.0032427209261435158 0.003034940993468232 0.0029662952155457556 0.002966228136170917 0.0024530546967310714 0.0024304000525624935 0.0023141849563633253 0.0022540369006049596 0.002190199155309974 0.0021854037223665236 0.002067765000657257 0.0019432025026641076 0.0019250437767116236 0.0018851882597811847 0.001880219756723872 0.0018498738834388639 0.0017419157107923802 0.0016908491279534015 0.0016539112925293255 0.001617963179017584 0.0015661472650603842 0.0015643538125174488 0.0014637722730842333 0.0014146794196476362 0.0013952904280773817 0.0013397504431195734 0.001269769056499025 0.0012462422161980693 0.0011726418045866942 0.0011681638096264157 0.0011194584702884022 0.0011091885130021524 0.0010635770297371674 0.001049160969392881 0.0010019470271433208 0.0009317390339732209 0.0009302672537293526 0.0009054117684192305 0.0008961459032775976 0.0008321822875818742 0.00082518763144503 0.0007766757853072439 0.000708930507178941 0.0006829788626423214 0.000681999304190015 0.0006460340928093749 0.0006387038892091769 0.0006214824298281683 0.0006208709385965206 0.0005560120865929248 0.0005251384564600065 0.0005072238011660849 0.0005065700420860352 0.000506534096770461 0.00048187742930692136 0.0004718812795194285 0.00047063751369891526 0.0004695474700218504 0.0004666204427770922 0.0004534182912661686 0.00043062396904852777 0.0004287690236170981 0.000415894661131279 0.0004154714279442173 0.0004053181150423746 0.00040054858964082675 0.00038722519967844017 0.0003746705649778867 0.0003717967710175778 0.000350051512840308 0.0003289308246241081 0.00032653608706299217 0.00032304711258925533 0.0003213383321810376 0.00031524103310909637 0.0002940595871428287 0.0002892524535120147 0.0002750698919873789 0.0002677602553097688 0.00025979138208268493 0.0002462765281530158 0.00022942876107709121 0.00022397336525682474 0.0002229826072778581 0.0002167288051159604 0.000216531647659055 0.00021204034176175657 0.00021003048193664583 0.00020789142813600026 0.00018959673282377263 0.0001832293477463903 0.00017475762728703066 0.0001728812973517466 0.00016593451157987787 0.00016321598734016313 0.00016055823123016104 0.00015810094208947866 0.00015799756909820264 0.00015224575743437143 0.0001507919678516519 0.00014366181238605635 0.00014040919328346316 0.00013689087269300038 0.0001329069662292725 0.00013174844309779142 0.00013078303929684332 0.00013074073312347237 0.00012747912247696274 0.00012403348273168994 0.00012315613272891306 0.00012141809899463163 0.0001173641071796753 0.00011382952181971508 9.181662127962503e-05 9.083570540488193e-05 9.070348447215398e-05 8.90318609538686e-05 8.625064572385483e-05 8.125454475862575e-05 7.747140213974177e-05 7.744491731510169e-05 7.54506710910778e-05 7.218510638355306e-05 7.07315815106329e-05 6.853584844451485e-05 6.551210093711425e-05 6.514559727897449e-05 6.454581585707329e-05 6.258682167968203e-05 5.6288649460446936e-05 5.573647157423632e-05 5.472197271547443e-05 5.4145589198524935e-05 5.2196777984092865e-05 5.165965978356053e-05 5.155717928146161e-05 5.088725985596602e-05 4.837531448027518e-05 4.796622036261813e-05 4.7477083891264506e-05 4.735071576101382e-05 4.6548678580059225e-05 4.474805791959606e-05 4.300097530203113e-05 4.135102889732807e-05 4.128942937601518e-05 3.963913954289585e-05 3.938509793691071e-05 3.8865525438965525e-05 3.5695476141343844e-05 3.523166614679793e-05 3.4929809034067486e-05 3.3958795455215635e-05 3.385957859754935e-05 3.309395844735178e-05 3.2978867791323224e-05 3.0874368615764875e-05 2.9323821275627577e-05 2.8889460046678575e-05 2.7788718087692098e-05 2.7514565860414228e-05 2.750127278114975e-05 2.677000721924695e-05 2.669979070984346e-05 2.610085264690708e-05 2.4329982748059485e-05 2.3667444430460463e-05 2.2798388639640236e-05 2.2773379570949128e-05 2.2762633863555292e-05 2.2550291912373257e-05 2.2363078396578748e-05 1.9982168735245427e-05 1.7944264883895464e-05 1.7937207463855304e-05 1.7845927428766237e-05 1.5726851206327122e-05 1.5706545510248178e-05 1.556192190483136e-05 1.540725152487279e-05 1.5229429360235426e-05 1.3134172224415462e-05 1.2534860394032332e-05 1.0571163728174392e-05 1.0418134218164324e-05 1.014972036273125e-05 9.445198541100554e-06 9.41967959867073e-06 9.063596827934118e-06 9.060025565403442e-06 8.780217465272985e-06 8.75073487076591e-06 8.63266287202896e-06 8.434177702667454e-06 8.342608653164794e-06 8.308447679393956e-06 7.800782240983017e-06 7.66557411506708e-06 7.470278662748961e-06 7.3754192169962174e-06 7.123123494222405e-06 7.106098192900864e-06 6.444145813687066e-06 6.387417988361286e-06 5.646698414193689e-06 5.543520439305103e-06 5.471514609711216e-06 5.2951066451529206e-06 5.142454400185244e-06 4.945771082625701e-06 4.835218153261266e-06 4.711552360690096e-06 4.689318175452366e-06 4.667979907707979e-06 4.604477546440909e-06 3.7725923173081913e-06 3.762156256384058e-06 3.2456583697736348e-06 3.236047770623442e-06 3.1993648431131736e-06 3.1687295414111012e-06 3.040768942864446e-06 3.022076274361646e-06 2.9049620368744794e-06 2.899284039019575e-06 2.1518972271537237e-06 2.1102394646595068e-06 2.06818952108886e-06 2.0470016466905515e-06 1.9526597095837313e-06 1.8949872002294938e-06 1.8932098725597037e-06 1.8328376863656785e-06 1.8264702333237471e-06 1.7668877960864113e-06 1.2631898466259862e-06 1.1751848459145702e-06 1.1688467362923423e-06 9.401046480385688e-07 9.262630159866766e-07 8.332295629420076e-07 7.95026629690434e-07 7.880805242588475e-07 6.776067280835891e-07 6.67535045792997e-07 6.670539180200632e-07 6.473324474150476e-07 5.995619597838849e-07 4.492662606032721e-07 4.016211410890908e-07 3.5972044678857986e-07 3.5922925511224485e-07 3.20356502299619e-07 3.1874862447764776e-07 2.915349484478546e-07 2.906012000220415e-07 2.7891094437587017e-07 1.9377389642812734e-07 1.9358632275614663e-07 7.923963851967746e-08 7.919009040564553e-08 7.196387810061865e-08 5.940721153711449e-08 4.127032462146459e-08 4.0231745566467406e-08 2.7084161936694397e-08 2.6805419982195376e-08 2.4387292396059666e-09
## eigenvalues of T0123v imag 0.0 0.0 0.0 0.0 0.0 0.0 0.0 0.0 0.0 0.0 0.0 0.0 0.0 0.0 0.0 0.0 0.0 0.0 0.0 0.0 0.0 0.0 0.0 0.0 0.0 0.0 0.0 0.0 0.0 0.0 0.0 0.0 0.0 0.0 0.0 0.0 0.0 0.0 0.0 0.0 0.0 0.0 0.0 0.0 0.0 0.0 0.0 0.0 0.0 0.0 0.0 0.0 0.0 0.0 0.0 0.0 0.0 0.0 0.0 0.0 0.0 0.0 0.0 0.0 0.0 0.0 0.0 0.0 0.0 0.0 0.0 0.0 0.0 0.0 0.0 0.0 0.0 0.0 0.0 0.0 0.0 0.0 0.0 0.0 0.0 0.0 0.0 0.0 0.0 0.0 0.0 0.0 0.0 0.0 0.0 0.0 0.0 0.0 0.0 0.0 0.0 0.0 0.0 0.0 0.0 0.0 0.0 0.0 0.0 0.0 0.0 0.0 0.0 0.0 0.0 0.0 0.0 0.0 0.0 0.0 0.0 0.0 0.0 0.0 0.0 0.0 0.0 0.0 0.0 0.0 0.0 0.0 0.0 0.0 0.0 0.0 0.0 0.0 0.0 0.0 0.0 0.0 0.0 0.0 0.0 0.0 0.0 0.0 0.0 0.0 0.0 0.0 0.0 0.0 0.0 0.0 0.0 0.0 0.0 0.0 0.0 0.0 0.0 0.0 0.0 0.0 0.0 0.0 0.0 0.0 0.0 0.0 0.0 0.0 0.0 0.0 0.0 0.0 0.0 0.0 0.0 0.0 0.0 0.0 0.0 0.0 0.0 0.0 0.0 0.0 0.0 0.0 0.0 0.0 0.0 0.0 0.0 0.0 0.0 0.0 0.0 0.0 0.0 0.0 0.0 0.0 0.0 0.0 0.0 0.0 0.0 0.0 0.0 0.0 0.0 0.0 0.0 0.0 0.0 0.0 0.0 0.0 0.0 0.0 0.0 0.0 0.0 0.0 0.0 0.0 0.0 0.0 0.0 0.0 0.0 0.0 0.0 0.0 0.0 0.0 0.0 0.0 0.0 0.0 0.0 0.0 0.0 0.0 0.0 0.0 0.0 0.0 0.0 0.0 0.0 0.0 0.0 0.0 0.0 0.0 0.0 0.0 0.0 0.0 0.0 0.0 0.0 0.0 0.0 0.0 0.0 0.0 0.0 0.0 0.0 0.0 0.0 0.0 0.0 0.0 0.0 0.0 0.0 0.0 0.0 0.0 0.0 0.0 0.0 0.0 0.0 0.0 0.0 0.0 0.0 0.0 0.0 0.0 0.0 0.0 0.0 0.0 0.0 0.0 0.0 0.0 0.0 0.0 0.0 0.0 0.0 0.0 0.0 0.0 0.0 0.0 0.0 0.0 0.0 0.0 0.0 0.0 0.0 0.0
## eigenvalues of T0123v imag max 0.0
## hx,i,norm,mx,my,mz,sqrt(sum m^2)  1.55 0 (1.1095203843190797+0j) 0.4596907564040403 0.0 -1.0782710255570365e-06 0.4596907564053049
## hx,i,norm,mx,my,mz,sqrt(sum m^2)  1.55 1 (1.10952038431908+0j) 0.45969075640404017 0.0 -1.078271024106118e-06 0.4596907564053048
## hx,num,norm_x,norm_y,xx[0],xx[1],yy[0],yy[1],zz[0],zz[1]  1.55 0 (1.1644897624083175+0j) (1.1644916090096842+0j) 0.2189561432756081 0.21895433955133087 -0.034877475104902717 -0.034872056221425314 0.05431029973900408 0.05430566855032995
## hx,num,norm_x,norm_y,xx[0],xx[1],yy[0],yy[1],zz[0],zz[1]  1.55 1 (1.1644909875393545+0j) (1.1644916864897819+0j) 0.218955160146466 0.2189546061263569 -0.03487461938605019 -0.03487282089696102 0.05430767099410988 0.054306393871606004
1.55 -0.8211356890037873 0.4596907564053049 -0.05430898536655698 -0.05430603121096798
## hx,mx,mz0mz1 1.55 0.4596907564040402 0.05430750828876248
## time simple update= 0.740833997726
## time full update= 2.14576721191e-06
## time environment= 1.5945289135
## time observable= 0.0488641262054
