## Logs: seed = 11
## Logs: Jxy = 0.0
## Logs: Jz = -1.0
## Logs: hx = 1.55
## Logs: tau = 0.0128
## Logs: tau_step = 0
## Logs: tau_full = 0.01
## Logs: tau_full_step = 0
## Logs: second_ST = True
## Logs: initial_type = -1
## Logs: input_file = input_Tn.npz
## Logs: output_file = output
### CTM: count to convergence, sig_max =  8 4.0571496395198716e-07
## np.allclose(T0123h,T0123h.T,rtol=1e-6,atol=1e-6) False
## eigenvalues of T0123h abs 1.0627593265503188 0.4141865700304497 0.34248517304453263 0.2450044427330586 0.148841411703561 0.1354131635122265 0.12699605479964837 0.09447648212590133 0.09014170575944007 0.08205796682737176 0.07747451317874654 0.053871553478004396 0.05241219548901341 0.0467587905141986 0.040844509148076795 0.03997952899782472 0.039328185825833334 0.039290110417233175 0.03189948986363415 0.028764917316465653 0.025706476785544996 0.02471357691213944 0.024610714980325923 0.023743030970309838 0.02300562622415927 0.021769950818755667 0.020332797643576553 0.019627964942827522 0.019406425340797277 0.017792943890103798 0.016373460452962195 0.014984599672534248 0.014371244319841124 0.012956521516657993 0.012876910465092739 0.01235704046876479 0.012050792454919114 0.011914630048436332 0.011090792408524026 0.010964393385600789 0.010562992141565778 0.010506582137440717 0.010251291600047481 0.010022695549565057 0.009041835855026286 0.007950889585515411 0.007753250064067847 0.007711483437790891 0.00729135610547081 0.007077764664954334 0.006996739224531628 0.006743014486496082 0.0065335218211384554 0.00633900656392053 0.006333386209875955 0.006260307708142953 0.0059477133913731495 0.005719666719226937 0.005486677954341501 0.0053606743624968825 0.005139780045290195 0.005119026483603604 0.005079055209596 0.004936207336596242 0.004491645473464663 0.004460921896052064 0.004273118516922129 0.0041442638971931215 0.003928343208834652 0.003877161762081316 0.003856965605845928 0.003845943634334243 0.0038394563832882 0.0037993039275255043 0.0037317067752690044 0.003428417242420482 0.003384236735988934 0.003146351209373005 0.0030630890603490953 0.002957873608887186 0.0028141437440749348 0.0027903739329998125 0.0026454395671554206 0.0025918573675912946 0.0025687796821259007 0.0024971942738168545 0.002462773322078931 0.002417153796285773 0.0024148721335803067 0.0023731248246085528 0.002229992240299813 0.0022124037478445037 0.0021558433923034633 0.002151823261919521 0.0021262245657809316 0.002090015307397881 0.0020852203452278546 0.002063531337008565 0.002053272548596856 0.0020353770881117146 0.001991853079943601 0.0018400857634781548 0.0017635244189660878 0.0017087797711204645 0.001654528746440427 0.0015937113528674994 0.0015784816414486777 0.001533427915468353 0.001531843314551655 0.0015228682340452785 0.0015126947551065883 0.0014757638012703818 0.0014520192459722048 0.0013682692854422875 0.0013547347643781955 0.00135467794596852 0.0013263393975286087 0.0012925649412356163 0.001281698061899848 0.001279041232458489 0.001259880941768214 0.0012454689475962064 0.0012403541351387619 0.001235007423004677 0.001226009032505779 0.0011965384409386023 0.00117877237346804 0.0011769662444496927 0.0011583479684425747 0.0011542331230997979 0.0011317430456122778 0.001099683797832754 0.0010994979156412534 0.00108211331561813 0.0010588364333801257 0.0010278907983848433 0.0010228390300846247 0.0009925097690183422 0.0009863336983710969 0.0009838343028145619 0.0009111765681675211 0.0008789196520088687 0.0008581385934519081 0.0008229559428106309 0.000822710119836617 0.0008174556824710769 0.000784962545775958 0.0007675386378533545 0.0007637494721827728 0.0007619976870397297 0.0007339203579940428 0.0007320281880820631 0.0007063364574206746 0.0007063202877922715 0.0006881972412851965 0.0006694900547172861 0.0006663210972001427 0.0006643661050768002 0.0006501091501480245 0.0006415537946778701 0.0006318532722497882 0.0006201158376263517 0.0005997799146743443 0.0005823835199687617 0.0005779318041742947 0.0005776655779974459 0.0005665099557910053 0.0005565602500695199 0.0005307884164063565 0.0005165205665547294 0.0005151981695758811 0.000491758912567528 0.00048125626583582156 0.00047837579690381915 0.0004768313718226507 0.00047321970920662164 0.00047266060466593534 0.0004720543998418031 0.0004683640200943303 0.0004588921736851513 0.0004484912925418988 0.0004440459379440199 0.0004380679941569975 0.00043366455026345015 0.0004323883860167143 0.0004261058863672788 0.00041137025800024084 0.0004112155238682665 0.0004100663443090944 0.0004046992354984867 0.0004033039597626498 0.0004021277015050856 0.0004016585572679898 0.00039625829706349416 0.0003943584564861171 0.0003755062247318619 0.00037476897155253584 0.00037180948690511054 0.00036765983457334397 0.0003635142594308638 0.0003514196133230842 0.00034636873515202503 0.00034482992048820123 0.0003434294968916256 0.0003423964273759527 0.0003416840247335848 0.0003408388426613423 0.0003378795130013664 0.0003317296216933061 0.000328398303371277 0.00032539517192518033 0.00031444636677347673 0.00030408643296371297 0.0003015733167342303 0.0002981955497341771 0.00029760503264231284 0.0002942305676228692 0.0002941267939434144 0.0002935930132403015 0.00028944743442769854 0.0002834612534879581 0.00027420186906709895 0.0002737922251944601 0.00027311264934266395 0.0002702150400038252 0.000269332075189821 0.00026244542006957416 0.00025754566650605166 0.00025355076280004737 0.0002518989256774184 0.0002457613236342879 0.00024430677996103734 0.00023629157228738913 0.00023571617219604198 0.00023565228567365095 0.0002322441806198525 0.000228056121022891 0.00022663539004200164 0.0002231768538442993 0.0002231378042055972 0.00022203932659822873 0.0002158602615304532 0.00021554873995325357 0.0002091529448368292 0.00020640230231466525 0.00020192698585724903 0.00019696182958762028 0.00019625167514269686 0.00019196104614719643 0.00019088369449604936 0.00019042265980621925 0.00018791854803442055 0.00018424381527488908 0.00018227687792376525 0.00018093283465852957 0.00016917880990927688 0.00016797528313053391 0.00016380180957086348 0.0001633955634643757 0.00016256354015696246 0.00015889354143197321 0.00015719622752361742 0.00015706016190478048 0.0001547755875899197 0.0001525929943630991 0.00014826937762936837 0.00014472598306269785 0.0001437701104464877 0.0001412444152457005 0.0001399691927002388 0.00013968262469712633 0.00013794393021883373 0.0001370532440055564 0.00013492297609546598 0.000133227469249655 0.0001323790375660843 0.0001319958119503711 0.00012742570622208517 0.00012717546026255232 0.00012546032971126736 0.0001241728115144781 0.00012388610995203798 0.0001223046404108368 0.00012142098264083243 0.00011927502087810289 0.00011603136454498539 0.00011576538858140112 0.0001149396379979734 0.00011280392484032852 0.00011102094586466767 0.00010954005101500434 0.00010830551343648491 0.00010713571554067325 0.00010603505905755702 0.0001060222923594697 0.00010523782442365785 0.00010445344846019042 0.0001044439332471745 0.00010411634006854333 0.00010164356050244756 0.00010132809073680314 0.00010091868093537559 9.978846743290459e-05 9.967876360060819e-05 9.765049599787243e-05 9.750982246917046e-05 9.736826800084118e-05 9.69271072191807e-05 9.571147940932323e-05 9.090346054274765e-05 9.069780929631016e-05 9.056452657942355e-05 8.760854736377352e-05 8.684017107703177e-05 8.616907108747291e-05 8.610852398763107e-05 8.428150765487563e-05 8.348761932154217e-05 8.205586808109934e-05 8.131137483697333e-05 8.075461624784802e-05 7.954325638499213e-05 7.92380781076241e-05 7.846898736688768e-05 7.81215238556007e-05 7.75352811751506e-05 7.73049199410541e-05 7.725619687343335e-05 7.70384660767048e-05 7.64435301907553e-05 7.525201161910346e-05 7.475816858816766e-05 7.37718186334276e-05 7.297018133955912e-05 7.231311002045627e-05 7.184043779635173e-05 7.085883500467545e-05 6.991927821951827e-05 6.95868666602954e-05 6.909513144301457e-05 6.851654581149964e-05 6.829940416894642e-05 6.573149774132992e-05 6.416285811765008e-05 6.373835584752495e-05 6.36151326227537e-05 6.266725630485493e-05 6.258899872633303e-05 6.247060426438742e-05 5.9419926315485486e-05 5.886438143261513e-05 5.734491785524427e-05 5.6621535273098895e-05 5.561790016763451e-05 5.529729709059305e-05 5.5283374574174316e-05 5.494783231569766e-05 5.3307696072797956e-05 5.3003470366272896e-05 5.243829025861297e-05 5.226282541751131e-05 5.19947906300293e-05 5.1591261159870444e-05 5.040310211523248e-05 5.0330040407986745e-05 4.978624498198624e-05 4.953814178054652e-05 4.8946079953259733e-05 4.711271034449338e-05 4.632169498745882e-05 4.590313884818512e-05 4.582191282740881e-05 4.530706234981738e-05 4.4606697621522086e-05 4.4588318764454835e-05 4.411296230770388e-05 4.3158340456486065e-05 4.279570773156893e-05 4.277043726597335e-05 4.221204234965471e-05 4.1252899239739215e-05 4.1198532125880524e-05 4.110832092171455e-05 4.10579071976696e-05 4.04350767162479e-05 4.03227384734819e-05 3.991002085430208e-05 3.968657063041532e-05 3.950478067674869e-05 3.802227307376738e-05 3.753380703661429e-05 3.6956104330427635e-05 3.653117585028029e-05 3.639047417516781e-05 3.5882977392307496e-05 3.575443516436584e-05 3.553241507381973e-05 3.493724506949709e-05 3.385594048736427e-05 3.253112296945195e-05 3.206465006896251e-05 3.190161276104586e-05 3.1436844449100986e-05 3.117127786581273e-05 3.093955293291113e-05 3.058942857582722e-05 2.9889740334176465e-05 2.9874227587015035e-05 2.9755227120276046e-05 2.9565950165949544e-05 2.9450715564149384e-05 2.9244786434259006e-05 2.9209285381381752e-05 2.875217548816693e-05 2.8321032423693252e-05 2.8168284276331945e-05 2.8122822105728046e-05 2.8069336503866284e-05 2.789978108746767e-05 2.7514423112299105e-05 2.7500104082069536e-05 2.7296470654095223e-05 2.725363776195813e-05 2.6689050693656495e-05 2.6645912252639047e-05 2.6033584672376438e-05 2.5182549527009763e-05 2.50921057116189e-05 2.4760320252152746e-05 2.4317661119043938e-05 2.411530443002826e-05 2.370056901752576e-05 2.364644603829269e-05 2.318207852065676e-05 2.31149401823902e-05 2.3006097273198136e-05 2.276650064149666e-05 2.2734973438232242e-05 2.2725381382092597e-05 2.2278954947451765e-05 2.1862301548197174e-05 2.1843900079923362e-05 2.17480352081794e-05 2.150005892805336e-05 2.124592626534524e-05 2.115831005166514e-05 2.080383026193818e-05 2.054555675456427e-05 2.0151575029949805e-05 1.9217820597405445e-05 1.9057231987870826e-05 1.8912170055273087e-05 1.887420801394699e-05 1.8863699093963887e-05 1.8452347422608483e-05 1.8293296310697457e-05 1.8236392155925154e-05 1.806741624026384e-05 1.8030297247509052e-05 1.7326531990041588e-05 1.729708786590041e-05 1.7269060509120152e-05 1.7166412507483773e-05 1.7134131751634737e-05 1.7072706719153425e-05 1.693543158584587e-05 1.6781015700291498e-05 1.6669140562181837e-05 1.6628599442382143e-05 1.6500069482106325e-05 1.6342471646915493e-05 1.6324793458382367e-05 1.584491997746927e-05 1.5261089985894067e-05 1.5181200511770205e-05 1.5035383414763384e-05 1.4953971037768732e-05 1.4857418495334537e-05 1.4187473734844377e-05 1.4167769105977288e-05 1.4121266683810378e-05 1.3798148917033951e-05 1.3025646359650632e-05 1.2955925350500058e-05 1.2785045803548492e-05 1.258656107914861e-05 1.2538461070832507e-05 1.2481062273292283e-05 1.2038319653541386e-05 1.1939726807645485e-05 1.1937515354401362e-05 1.1792879237876875e-05 1.1552815977696693e-05 1.1537662205187778e-05 1.1425396560759016e-05 1.1279196192065554e-05 1.1129971813342546e-05 1.1114036612079742e-05 1.107657169148475e-05 1.1024524356177142e-05 1.0682128159875313e-05 1.066322025619159e-05 1.0615605774960048e-05 1.0589608890412628e-05 1.057473041187956e-05 1.0521402666993254e-05 1.038841126088419e-05 1.0171973149757825e-05 1.0101377906079761e-05 1.0096079005275818e-05 9.895294383761652e-06 9.858126948443692e-06 9.789574134003588e-06 9.75821942003953e-06 9.557355205958068e-06 9.44795073609372e-06 9.424176465615813e-06 9.303667015170504e-06 9.283586855036847e-06 9.209360874432866e-06 9.132553545223286e-06 9.007840649526763e-06 8.971271260079634e-06 8.927575835590646e-06 8.877439321652899e-06 8.83242612428109e-06 8.807635342536552e-06 8.777773393346887e-06 8.702611275843305e-06 8.617165722574065e-06 8.539138542254985e-06 8.386203248931388e-06 8.365203569785561e-06 8.34066079251913e-06 8.220147070698748e-06 8.127956535542087e-06 8.0342046677302e-06 7.974245665361723e-06 7.940063298632061e-06 7.740079766646305e-06 7.730571970175272e-06 7.47924294184552e-06 7.464828719579196e-06 7.417083186531447e-06 7.416728830316893e-06 7.350126598409233e-06 7.272050432025724e-06 7.200615899157258e-06 7.158070581035837e-06 7.0008064287831785e-06 6.837248038775155e-06 6.809470463905492e-06 6.766025073323045e-06 6.7470602685174664e-06 6.665633486810857e-06 6.596252548679608e-06 6.546711857297906e-06 6.444386105756671e-06 6.4418566300308275e-06 6.34527346507758e-06 6.295879903009184e-06 6.289431839295544e-06 6.210683162246712e-06 6.203555865164309e-06 6.112914559479943e-06 6.092438697431202e-06 5.987435088390479e-06 5.950112375233315e-06 5.768312089525437e-06 5.579201311832874e-06 5.478391457264445e-06 5.382632422732868e-06 5.362836231374565e-06 5.291352249266369e-06 5.088480371135935e-06 4.856499399526868e-06 4.731205195332465e-06 4.6811840594565195e-06 4.66640599459202e-06 4.587401635593642e-06 4.560645565152513e-06 4.528504190563851e-06 4.5200317436859895e-06 4.503920022598209e-06 4.442806322821641e-06 4.321237109934129e-06 4.290090037009884e-06 4.245337399111926e-06 4.242729071601645e-06 4.164981237922291e-06 4.143135959008049e-06 4.140898613468118e-06 4.1320242356044625e-06 4.092479971996876e-06 4.057133447625207e-06 4.045996159143583e-06 3.993862602973267e-06 3.963479494777009e-06 3.959291162492431e-06 3.938295884610078e-06 3.852601532492244e-06 3.8194191880528506e-06 3.7492915113460363e-06 3.7474699196694224e-06 3.6176174226226664e-06 3.477023257962805e-06 3.373822770013761e-06 3.2870674465215717e-06 3.2771312655282544e-06 3.2363061139515114e-06 3.212328127086368e-06 3.1630094991011403e-06 3.1301814214416904e-06 3.12412373425319e-06 3.060915300323781e-06 2.9808944969711284e-06 2.965748639095249e-06 2.92076745546679e-06 2.8385737077724617e-06 2.830179566133763e-06 2.827601090426115e-06 2.807454152120869e-06 2.742476040266586e-06 2.7166502119843705e-06 2.699127851613772e-06 2.6872388273649884e-06 2.622795069877121e-06 2.5965626761821137e-06 2.5912693881439554e-06 2.5777238133287485e-06 2.5611560750040795e-06 2.5597653036284223e-06 2.5585191055296305e-06 2.555238450636558e-06 2.5330844635386545e-06 2.5124832084162355e-06 2.4932256163499668e-06 2.489572415932199e-06 2.4619693251159867e-06 2.4061330061421425e-06 2.380130298205078e-06 2.2559278551741925e-06 2.252242694725566e-06 2.2427478433722114e-06 2.2193084433543544e-06 2.161016848063426e-06 2.1575093689677125e-06 2.1314291253093476e-06 2.053398874302831e-06 2.029981171710615e-06 2.0114551133429436e-06 1.933736455060711e-06 1.927701123155736e-06 1.9055456038834365e-06 1.8805964055576158e-06 1.8628028828159518e-06 1.825205583881348e-06 1.8034700037988462e-06 1.7998613000649004e-06 1.7969891438924083e-06 1.7540742008154268e-06 1.7469808753439794e-06 1.6979734837268525e-06 1.6711591097579496e-06 1.6695750908252262e-06 1.6377255125690554e-06 1.6351757342953825e-06 1.5809639159405664e-06 1.563487438689492e-06 1.5588662764305622e-06 1.522056715914047e-06 1.4997160130909827e-06 1.4265244890432586e-06 1.4087650898289177e-06 1.3871659443884116e-06 1.3739585090349097e-06 1.369432059297931e-06 1.3614270413906609e-06 1.338472663497943e-06 1.3287914424908196e-06 1.3257911879321157e-06 1.309724982745471e-06 1.3005235581481524e-06 1.2715629568910316e-06 1.249066877225153e-06 1.2301787784757928e-06 1.20266130657836e-06 1.1818784548938697e-06 1.1773489228070864e-06 1.0817016088373902e-06 1.0714028135066565e-06 1.0340524639887558e-06 1.010029936652555e-06 1.0082055802712789e-06 9.8535089561166e-07 9.845563688076173e-07 9.436097586938701e-07 9.285473520211993e-07 9.253116291173954e-07 9.240126811293225e-07 9.239458545169321e-07 9.156140077274297e-07 8.979560492829413e-07 8.944041876801019e-07 8.827631479436748e-07 8.741833365374022e-07 8.413182954809509e-07 8.405612770437999e-07 8.3252851849218e-07 8.166428862503356e-07 8.154304432612001e-07 8.122598365296433e-07 8.030093256071976e-07 7.998379037927191e-07 7.976060905541173e-07 7.872434476839916e-07 7.845842944489934e-07 7.78099512149675e-07 7.771004063257772e-07 7.682700517741235e-07 7.549017179193041e-07 7.029542001600937e-07 7.02807308635356e-07 6.857157614073971e-07 6.847755321195686e-07 6.308934349671368e-07 6.236951898920206e-07 6.227215589769831e-07 6.077433670971169e-07 6.069479388445608e-07 5.834167807409453e-07 5.733232669802783e-07 5.711575557896113e-07 5.686646833876577e-07 5.658778319134121e-07 5.61631952953119e-07 5.615570160718594e-07 5.444969088509975e-07 5.385881277850107e-07 5.375748098918174e-07 5.373840674925547e-07 5.174635302926832e-07 4.862792078774884e-07 4.2923320802548545e-07 4.2920669711309986e-07 4.125652670797889e-07 4.105908673424734e-07 3.8889679132083607e-07 3.58390585200721e-07 3.5377361385916193e-07 3.488189721436778e-07 3.4786068083796257e-07 3.345866535850712e-07 3.343811206534339e-07 3.318017295921465e-07 3.131811275966839e-07 3.0695672087743884e-07 3.0354516954545e-07 2.9911567304462357e-07 2.9256505323373925e-07 2.922771498006183e-07 2.8102370295789007e-07 2.7949922290691e-07 2.762954254048653e-07 2.760032865377894e-07 2.71644509401987e-07 2.671365802003505e-07 2.646968545800514e-07 2.6330222222988844e-07 2.6062418667598735e-07 2.600536045919493e-07 2.594660724603646e-07 2.5195831806826453e-07 2.416759891361841e-07 2.358684695220675e-07 2.3416451918552908e-07 2.3349126007092583e-07 2.2724681923062153e-07 2.170410386354325e-07 2.1672690980238454e-07 2.147413359855854e-07 2.1434851118747307e-07 1.9084573481557965e-07 1.8957727394865344e-07 1.884059298331226e-07 1.5840256588130663e-07 1.5758185014886763e-07 1.4870885708770015e-07 1.4656018260674972e-07 1.42967711408226e-07 1.429517904028669e-07 1.424213053662296e-07 1.4226886738071885e-07 1.2727955080495687e-07 1.2671312659205645e-07 1.2060468155189162e-07 1.1897145452725423e-07 1.1642027749051907e-07 1.1597606808006571e-07 1.0419981054567564e-07 1.0297933432095462e-07 1.0165081406067174e-07 1.0136786832543126e-07 9.500210649374471e-08 9.277965391585621e-08 9.217890179064249e-08 9.209607710450839e-08 8.854339216526e-08 8.050937907354458e-08 7.968954677319384e-08 7.943526180810734e-08 7.935729152404542e-08 7.921896040706981e-08 7.838632578440197e-08 6.401386115952854e-08 6.289981631867898e-08 6.269929368343073e-08 6.268032744981827e-08 6.25066540250871e-08 5.227115358872694e-08 4.881075774885609e-08 4.879952963538112e-08 3.6365129641556975e-08 3.54414676315287e-08 3.267358546488227e-08 3.1833768414845806e-08 3.0285594030777975e-08 3.024291674516792e-08 2.465977184785591e-08 2.4221111334758294e-08 2.3568948445785162e-08 2.3529794555182683e-08 1.9606940102547866e-08 1.9407082349972027e-08 1.3114362221000986e-08 1.307771718062141e-08 8.307481947816233e-09 8.297629286980282e-09 8.295760974126548e-09 8.28919082182973e-09 1.897698812316794e-09 0.0 0.0 0.0 0.0 0.0 0.0 0.0 0.0 0.0 0.0 0.0 0.0 0.0 0.0 0.0 0.0 0.0 0.0 0.0 0.0 0.0 0.0 0.0 0.0 0.0 0.0 0.0 0.0 0.0 0.0 0.0 0.0 0.0 0.0 0.0 0.0 0.0 0.0 0.0 0.0 0.0 0.0 0.0 0.0 0.0 0.0 0.0 0.0 0.0 0.0 0.0 0.0 0.0 0.0 0.0 0.0 0.0 0.0 0.0 0.0 0.0 0.0 0.0 0.0 0.0 0.0 0.0 0.0 0.0 0.0 0.0 0.0 0.0 0.0 0.0 0.0 0.0 0.0 0.0 0.0 0.0 0.0 0.0 0.0 0.0 0.0 0.0 0.0 0.0 0.0 0.0 0.0 0.0 0.0 0.0 0.0 0.0 0.0 0.0 0.0 0.0 0.0 0.0 0.0 0.0 0.0 0.0 0.0 0.0 0.0 0.0 0.0 0.0 0.0 0.0 0.0 0.0 0.0 0.0 0.0
## eigenvalues of T0123h real 1.0627593265503188 0.4141865700304497 0.34248517304453263 0.2450044427330586 0.148841411703561 0.1354131635122265 0.12699605479964837 0.09447648212590133 0.09014170575944007 0.08205796682737176 0.07747451317874654 0.053871553478004396 0.05241219548901341 0.0467587905141986 0.040844509148076795 0.03997952899782472 0.039328185825833334 0.039290110417233175 0.03189948986363415 0.028764917316465653 0.025706476785544996 0.02471357691213944 0.024610714980325923 0.023743030970309838 0.02300562622415927 0.021769950818755667 0.020332797643576553 0.019627964942827522 0.019406425340797277 0.017792943890103798 0.016373460452962195 0.014984599672534248 0.014371244319841124 0.012956521516657993 0.012876910465092739 0.01235704046876479 0.012050792454919114 0.011914630048436332 0.011090792408524026 0.010964393385600789 0.010562992141565778 0.010506582137440717 0.010251291600047481 0.010022695549565057 0.009041835855026286 0.007950889585515411 0.007753250064067847 0.007711483437790891 0.00729135610547081 0.007077764664954334 0.006996739224531628 0.006743014486496082 0.0065335218211384554 0.00633900656392053 0.006333386209875955 0.006260307708142953 0.0059477133913731495 0.005719666719226937 0.005486677954341501 0.0053606743624968825 0.005139780045290195 0.005119026483603604 0.005079055209596 0.004936207336596242 0.004491645473464663 0.004460921896052064 0.004273118516922129 0.0041442638971931215 0.003928343208834652 0.003877161762081316 0.003856965605845928 0.003845943634334243 0.0038394563832882 0.0037993039275255043 0.0037317067752690044 0.003428417242420482 0.003384236735988934 0.003146351209373005 0.0030630890603490953 0.002957873608887186 0.0028141437440749348 0.0027903739329998125 0.0026454395671554206 0.0025918573675912946 0.0025687796821259007 0.0024971942738168545 0.002462773322078931 0.002417153796285773 0.0024148721335803067 0.0023731248246085528 0.002229992240299813 0.0022124037478445037 0.0021558433923034633 0.002151823261919521 0.0021262245657809316 0.002090015307397881 0.0020852203452278546 0.002063531337008565 0.002053272548596856 0.0020353770881117146 0.001991853079943601 0.0018400857634781548 0.0017635244189660878 0.0017087797711204645 0.001654528746440427 0.0015937113528674994 0.0015784816414486777 0.001533427915468353 0.001531843314551655 0.0015228682340452785 0.0015126947551065883 0.0014757638012703818 0.0014520192459722048 0.0013682692854422875 0.0013547347643781955 0.00135467794596852 0.0013263393975286087 0.0012925649412356163 0.001281698061899848 0.001279041232458489 0.001259880941768214 0.0012454689475962064 0.0012403541351387619 0.001235007423004677 0.001226009032505779 0.0011965384409386023 0.00117877237346804 0.0011769662444496927 0.0011583479684425747 0.0011542331230997979 0.0011317430456122778 0.001099683797832754 0.0010994979156412534 0.00108211331561813 0.0010588364333801257 0.0010278907983848433 0.0010228390300846247 0.0009925097690183422 0.0009863336983710969 0.0009838343028145619 0.0009111765681675211 0.0008789196520088687 0.0008581385934519081 0.0008229559428106309 0.000822710119836617 0.0008174556824710769 0.000784962545775958 0.0007675386378533545 0.0007637494721827728 0.0007619976870397297 0.0007339203579940428 0.0007320281880820631 0.0007063364574206746 0.0007063202877922715 0.0006881972412851965 0.0006694900547172861 0.0006663210972001427 0.0006643661050768002 0.0006501091501480245 0.0006415537946778701 0.0006318532722497882 0.0006201158376263517 0.0005997799146743443 0.0005823835199687617 0.0005779318041742947 0.0005776655779974459 0.0005665099557910053 0.0005565602500695199 0.0005307884164063565 0.0005165205665547294 0.0005151981695758811 0.000491758912567528 0.00048125626583582156 0.00047837579690381915 0.0004768313718226507 0.00047321970920662164 0.00047266060466593534 0.0004720543998418031 0.0004683640200943303 0.0004588921736851513 0.0004484912925418988 0.0004440459379440199 0.0004380679941569975 0.00043366455026345015 0.0004323883860167143 0.0004261058863672788 0.00041137025800024084 0.0004112155238682665 0.0004100663443090944 0.0004046992354984867 0.0004033039597626498 0.0004021277015050856 0.0004016585572679898 0.00039625829706349416 0.0003943584564861171 0.0003755062247318619 0.00037476897155253584 0.00037180948690511054 0.00036765983457334397 0.0003635142594308638 0.0003514196133230842 0.00034636873515202503 0.00034482992048820123 0.0003434294968916256 0.0003423964273759527 0.0003416840247335848 0.0003408388426613423 0.0003378795130013664 0.0003317296216933061 0.000328398303371277 0.00032539517192518033 0.00031444636677347673 0.00030408643296371297 0.0003015733167342303 0.0002981955497341771 0.00029760503264231284 0.0002942305676228692 0.0002941267939434144 0.0002935930132403015 0.00028944743442769854 0.0002834612534879581 0.00027420186906709895 0.0002737922251944601 0.00027311264934266395 0.0002702150400038252 0.000269332075189821 0.00026244542006957416 0.00025754566650605166 0.00025355076280004737 0.0002518989256774184 0.0002457613236342879 0.00024430677996103734 0.00023629157228738913 0.00023571617219604198 0.00023565228567365095 0.0002322441806198525 0.000228056121022891 0.00022663539004200164 0.0002231768538442993 0.0002231378042055972 0.00022203932659822873 0.0002158602615304532 0.00021554873995325357 0.0002091529448368292 0.00020640230231466525 0.00020192698585724903 0.00019696182958762028 0.00019625167514269686 0.00019196104614719643 0.00019088369449604936 0.00019042265980621925 0.00018791854803442055 0.00018424381527488908 0.00018227687792376525 0.00018093283465852957 0.00016917880990927688 0.00016797528313053391 0.00016380180957086348 0.0001633955634643757 0.00016256354015696246 0.00015889354143197321 0.00015719622752361742 0.00015706016190478048 0.0001547755875899197 0.0001525929943630991 0.00014826937762936837 0.00014472598306269785 0.0001437701104464877 0.0001412444152457005 0.0001399691927002388 0.00013968262469712633 0.00013794393021883373 0.0001370532440055564 0.00013492297609546598 0.000133227469249655 0.0001323790375660843 0.0001319958119503711 0.00012742570622208517 0.00012717546026255232 0.00012546032971126736 0.0001241728115144781 0.00012388610995203798 0.0001223046404108368 0.00012142098264083243 0.00011927502087810289 0.00011603136454498539 0.00011576538858140112 0.0001149396379979734 0.00011280392484032852 0.00011102094586466767 0.00010954005101500434 0.00010830551343648491 0.00010713571554067325 0.00010603505905755702 0.0001060222923594697 0.00010523782442365785 0.00010445344846019042 0.0001044439332471745 0.00010411634006854333 0.00010164356050244756 0.00010132809073680314 0.00010091868093537559 9.978846743290459e-05 9.967876360060819e-05 9.765049599787243e-05 9.750982246917046e-05 9.736826800084118e-05 9.69271072191807e-05 9.571147940932323e-05 9.090346054274765e-05 9.069780929631016e-05 9.056452657942355e-05 8.760854736377352e-05 8.684017107703177e-05 8.616907108747291e-05 8.610852398763107e-05 8.428150765487563e-05 8.348761932154217e-05 8.205586808109934e-05 8.131137483697333e-05 8.075461624784802e-05 7.954325638499213e-05 7.92380781076241e-05 7.846898736688768e-05 7.81215238556007e-05 7.75352811751506e-05 7.73049199410541e-05 7.725619687343335e-05 7.70384660767048e-05 7.64435301907553e-05 7.525201161910346e-05 7.475816858816766e-05 7.37718186334276e-05 7.297018133955912e-05 7.231311002045627e-05 7.184043779635173e-05 7.085883500467545e-05 6.991927821951827e-05 6.95868666602954e-05 6.909513144301457e-05 6.851654581149964e-05 6.829940416894642e-05 6.573149774132992e-05 6.416285811765008e-05 6.373835584752495e-05 6.36151326227537e-05 6.266725630485493e-05 6.258899872633303e-05 6.247060426438742e-05 5.9419926315485486e-05 5.886438143261513e-05 5.734491785524427e-05 5.6621535273098895e-05 5.561790016763451e-05 5.529729709059305e-05 5.5283374574174316e-05 5.494783231569766e-05 5.3307696072797956e-05 5.3003470366272896e-05 5.243829025861297e-05 5.226282541751131e-05 5.19947906300293e-05 5.1591261159870444e-05 5.040310211523248e-05 5.0330040407986745e-05 4.978624498198624e-05 4.953814178054652e-05 4.8946079953259733e-05 4.711271034449338e-05 4.632169498745882e-05 4.590313884818512e-05 4.582191282740881e-05 4.530706234981738e-05 4.4606697621522086e-05 4.4588318764454835e-05 4.411296230770388e-05 4.3158340456486065e-05 4.279570773156893e-05 4.277043726597335e-05 4.221204234965471e-05 4.1252899239739215e-05 4.1198532125880524e-05 4.110832092171455e-05 4.10579071976696e-05 4.04350767162479e-05 4.03227384734819e-05 3.991002085430208e-05 3.968657063041532e-05 3.950478067674869e-05 3.802227307376738e-05 3.753380703661429e-05 3.6956104330427635e-05 3.653117585028029e-05 3.639047417516781e-05 3.5882977392307496e-05 3.575443516436584e-05 3.553241507381973e-05 3.493724506949709e-05 3.385594048736427e-05 3.253112296945195e-05 3.206465006896251e-05 3.190161276104586e-05 3.1436844449100986e-05 3.117127786581273e-05 3.093955293291113e-05 3.058942857582722e-05 2.9889740334176465e-05 2.9874227587015035e-05 2.9755227120276046e-05 2.9565950165949544e-05 2.9450715564149384e-05 2.9244786434259006e-05 2.9209285381381752e-05 2.875217548816693e-05 2.8321032423693252e-05 2.8168284276331945e-05 2.8122822105728046e-05 2.8069336503866284e-05 2.789978108746767e-05 2.7514423112299105e-05 2.7500104082069536e-05 2.7296470654095223e-05 2.725363776195813e-05 2.6689050693656495e-05 2.6645912252639047e-05 2.6033584672376438e-05 2.5182549527009763e-05 2.50921057116189e-05 2.4760320252152746e-05 2.4317661119043938e-05 2.411530443002826e-05 2.370056901752576e-05 2.364644603829269e-05 2.318207852065676e-05 2.31149401823902e-05 2.3006097273198136e-05 2.276650064149666e-05 2.2734973438232242e-05 2.2725381382092597e-05 2.2278954947451765e-05 2.1862301548197174e-05 2.1843900079923362e-05 2.17480352081794e-05 2.150005892805336e-05 2.124592626534524e-05 2.115831005166514e-05 2.080383026193818e-05 2.054555675456427e-05 2.0151575029949805e-05 1.9217820597405445e-05 1.9057231987870826e-05 1.8912170055273087e-05 1.887420801394699e-05 1.8863699093963887e-05 1.8452347422608483e-05 1.8293296310697457e-05 1.8236392155925154e-05 1.806741624026384e-05 1.8030297247509052e-05 1.7326531990041588e-05 1.729708786590041e-05 1.7269060509120152e-05 1.7166412507483773e-05 1.7134131751634737e-05 1.7072706719153425e-05 1.693543158584587e-05 1.6781015700291498e-05 1.6669140562181837e-05 1.6628599442382143e-05 1.6500069482106325e-05 1.6342471646915493e-05 1.6324793458382367e-05 1.584491997746927e-05 1.5261089985894067e-05 1.5181200511770205e-05 1.5035383414763384e-05 1.4953971037768732e-05 1.4857418495334537e-05 1.4187473734844377e-05 1.4167769105977288e-05 1.4121266683810378e-05 1.3798148917033951e-05 1.3025646359650632e-05 1.2955925350500058e-05 1.2785045803548492e-05 1.258656107914861e-05 1.2538461070832507e-05 1.2481062273292283e-05 1.2038319653541386e-05 1.1939726807645485e-05 1.1937515354401362e-05 1.1792879237876875e-05 1.1552815977696693e-05 1.1537662205187778e-05 1.1425396560759016e-05 1.1279196192065554e-05 1.1129971813342546e-05 1.1114036612079742e-05 1.107657169148475e-05 1.1024524356177142e-05 1.0682128159875313e-05 1.066322025619159e-05 1.0615605774960048e-05 1.0589608890412628e-05 1.057473041187956e-05 1.0521402666993254e-05 1.038841126088419e-05 1.0171973149757825e-05 1.0101377906079761e-05 1.0096079005275818e-05 9.895294383761652e-06 9.858126948443692e-06 9.789574134003588e-06 9.75821942003953e-06 9.557355205958068e-06 9.44795073609372e-06 9.424176465615813e-06 9.303667015170504e-06 9.283586855036847e-06 9.209360874432866e-06 9.132553545223286e-06 9.007840649526763e-06 8.971271260079634e-06 8.927575835590646e-06 8.877439321652899e-06 8.83242612428109e-06 8.807635342536552e-06 8.777773393346887e-06 8.702611275843305e-06 8.617165722574065e-06 8.539138542254985e-06 8.386203248931388e-06 8.365203569785561e-06 8.34066079251913e-06 8.220147070698748e-06 8.127956535542087e-06 8.0342046677302e-06 7.974245665361723e-06 7.940063298632061e-06 7.740079766646305e-06 7.730571970175272e-06 7.47924294184552e-06 7.464828719579196e-06 7.417083186531447e-06 7.416728830316893e-06 7.350126598409233e-06 7.272050432025724e-06 7.200615899157258e-06 7.158070581035837e-06 7.0008064287831785e-06 6.837248038775155e-06 6.809470463905492e-06 6.766025073323045e-06 6.7470602685174664e-06 6.665633486810857e-06 6.596252548679608e-06 6.546711857297906e-06 6.444386105756671e-06 6.4418566300308275e-06 6.34527346507758e-06 6.295879903009184e-06 6.289431839295544e-06 6.210683162246712e-06 6.203555865164309e-06 6.112914559479943e-06 6.092438697431202e-06 5.987435088390479e-06 5.950112375233315e-06 5.768312089525437e-06 5.579201311832874e-06 5.478391457264445e-06 5.382632422732868e-06 5.362836231374565e-06 5.291352249266369e-06 5.088480371135935e-06 4.856499399526868e-06 4.731205195332465e-06 4.6811840594565195e-06 4.66640599459202e-06 4.587401635593642e-06 4.560645565152513e-06 4.528504190563851e-06 4.5200317436859895e-06 4.503920022598209e-06 4.442806322821641e-06 4.321237109934129e-06 4.290090037009884e-06 4.245337399111926e-06 4.242729071601645e-06 4.164981237922291e-06 4.143135959008049e-06 4.140898613468118e-06 4.1320242356044625e-06 4.092479971996876e-06 4.057133447625207e-06 4.045996159143583e-06 3.993862602973267e-06 3.963479494777009e-06 3.959291162492431e-06 3.938295884610078e-06 3.852601532492244e-06 3.8194191880528506e-06 3.7492915113460363e-06 3.7474699196694224e-06 3.6176174226226664e-06 3.477023257962805e-06 3.373822770013761e-06 3.2870674465215717e-06 3.2771312655282544e-06 3.2363061139515114e-06 3.212328127086368e-06 3.1630094991011403e-06 3.1301814214416904e-06 3.12412373425319e-06 3.060915300323781e-06 2.9808944969711284e-06 2.965748639095249e-06 2.92076745546679e-06 2.8385737077724617e-06 2.830179566133763e-06 2.827601090426115e-06 2.807454152120869e-06 2.742476040266586e-06 2.7166502119843705e-06 2.699127851613772e-06 2.6872388273649884e-06 2.622795069877121e-06 2.5965626761821137e-06 2.5912693881439554e-06 2.5777238133287485e-06 2.5611560750040795e-06 2.5597653036284223e-06 2.5585191055296305e-06 2.555238450636558e-06 2.5330844635386545e-06 2.5124832084162355e-06 2.4932256163499668e-06 2.489572415932199e-06 2.4619693251159867e-06 2.4061330061421425e-06 2.380130298205078e-06 2.2559278551741925e-06 2.252242694725566e-06 2.2427478433722114e-06 2.2193084433543544e-06 2.161016848063426e-06 2.1575093689677125e-06 2.1314291253093476e-06 2.053398874302831e-06 2.029981171710615e-06 2.0114551133429436e-06 1.933736455060711e-06 1.927701123155736e-06 1.9055456038834365e-06 1.8805964055576158e-06 1.8628028828159518e-06 1.825205583881348e-06 1.8034700037988462e-06 1.7998613000649004e-06 1.7969891438924083e-06 1.7540742008154268e-06 1.7469808753439794e-06 1.6979734837268525e-06 1.6711591097579496e-06 1.6695750908252262e-06 1.6377255125690554e-06 1.6351757342953825e-06 1.5809639159405664e-06 1.563487438689492e-06 1.5588662764305622e-06 1.522056715914047e-06 1.4997160130909827e-06 1.4265244890432586e-06 1.4087650898289177e-06 1.3871659443884116e-06 1.3739585090349097e-06 1.369432059297931e-06 1.3614270413906609e-06 1.338472663497943e-06 1.3287914424908196e-06 1.3257911879321157e-06 1.309724982745471e-06 1.3005235581481524e-06 1.2715629568910316e-06 1.249066877225153e-06 1.2301787784757928e-06 1.20266130657836e-06 1.1818784548938697e-06 1.1773489228070864e-06 1.0817016088373902e-06 1.0714028135066565e-06 1.0340524639887558e-06 1.010029936652555e-06 1.0082055802712789e-06 9.8535089561166e-07 9.845563688076173e-07 9.436097586938701e-07 9.285473520211993e-07 9.253116291173954e-07 9.240126811293225e-07 9.239458545169321e-07 9.156140077274297e-07 8.979560492829413e-07 8.944041876801019e-07 8.827631479436748e-07 8.741833365374022e-07 8.413182954809509e-07 8.405612770437999e-07 8.3252851849218e-07 8.166428862503356e-07 8.154304432612001e-07 8.122598365296433e-07 8.030093256071976e-07 7.998379037927191e-07 7.976060905541173e-07 7.872434476839916e-07 7.845842944489934e-07 7.78099512149675e-07 7.771004063257772e-07 7.682700517741235e-07 7.549017179193041e-07 7.029542001600937e-07 7.02807308635356e-07 6.857157614073971e-07 6.847755321195686e-07 6.308934349671368e-07 6.236951898920206e-07 6.227215589769831e-07 6.077433670971169e-07 6.069479388445608e-07 5.834167807409453e-07 5.733232669802783e-07 5.711575557896113e-07 5.686646833876577e-07 5.658778319134121e-07 5.61631952953119e-07 5.615570160718594e-07 5.444969088509975e-07 5.385881277850107e-07 5.375748098918174e-07 5.373840674925547e-07 5.174635302926832e-07 4.862792078774884e-07 4.2923320802548545e-07 4.2920669711309986e-07 4.125652670797889e-07 4.105908673424734e-07 3.8889679132083607e-07 3.58390585200721e-07 3.5377361385916193e-07 3.488189721436778e-07 3.4786068083796257e-07 3.345866535850712e-07 3.343811206534339e-07 3.318017295921465e-07 3.131811275966839e-07 3.0695672087743884e-07 3.0354516954545e-07 2.9911567304462357e-07 2.9256505323373925e-07 2.922771498006183e-07 2.8102370295789007e-07 2.7949922290691e-07 2.762954254048653e-07 2.760032865377894e-07 2.71644509401987e-07 2.671365802003505e-07 2.646968545800514e-07 2.6330222222988844e-07 2.6062418667598735e-07 2.600536045919493e-07 2.594660724603646e-07 2.5195831806826453e-07 2.416759891361841e-07 2.358684695220675e-07 2.3416451918552908e-07 2.3349126007092583e-07 2.2724681923062153e-07 2.170410386354325e-07 2.1672690980238454e-07 2.147413359855854e-07 2.1434851118747307e-07 1.9084573481557965e-07 1.8957727394865344e-07 1.884059298331226e-07 1.5840256588130663e-07 1.5758185014886763e-07 1.4870885708770015e-07 1.4656018260674972e-07 1.42967711408226e-07 1.429517904028669e-07 1.424213053662296e-07 1.4226886738071885e-07 1.2727955080495687e-07 1.2671312659205645e-07 1.2060468155189162e-07 1.1897145452725423e-07 1.1642027749051907e-07 1.1597606808006571e-07 1.0419981054567564e-07 1.0297933432095462e-07 1.0165081406067174e-07 1.0136786832543126e-07 9.500210649374471e-08 9.277965391585621e-08 9.217890179064249e-08 9.209607710450839e-08 8.854339216526e-08 8.050937907354458e-08 7.968954677319384e-08 7.943526180810734e-08 7.935729152404542e-08 7.921896040706981e-08 7.838632578440197e-08 6.401386115952854e-08 6.289981631867898e-08 6.269929368343073e-08 6.268032744981827e-08 6.25066540250871e-08 5.227115358872694e-08 4.881075774885609e-08 4.879952963538112e-08 3.6365129641556975e-08 3.54414676315287e-08 3.267358546488227e-08 3.1833768414845806e-08 3.0285594030777975e-08 3.024291674516792e-08 2.465977184785591e-08 2.4221111334758294e-08 2.3568948445785162e-08 2.3529794555182683e-08 1.9606940102547866e-08 1.9407082349972027e-08 1.3114362221000986e-08 1.307771718062141e-08 8.307481947816233e-09 8.297629286980282e-09 8.295760974126548e-09 8.28919082182973e-09 1.897698812316794e-09 0.0 0.0 0.0 0.0 0.0 0.0 0.0 0.0 0.0 0.0 0.0 0.0 0.0 0.0 0.0 0.0 0.0 0.0 0.0 0.0 0.0 0.0 0.0 0.0 0.0 0.0 0.0 0.0 0.0 0.0 0.0 0.0 0.0 0.0 0.0 0.0 0.0 0.0 0.0 0.0 0.0 0.0 0.0 0.0 0.0 0.0 0.0 0.0 0.0 0.0 0.0 0.0 0.0 0.0 0.0 0.0 0.0 0.0 0.0 0.0 0.0 0.0 0.0 0.0 0.0 0.0 0.0 0.0 0.0 0.0 0.0 0.0 0.0 0.0 0.0 0.0 0.0 0.0 0.0 0.0 0.0 0.0 0.0 0.0 0.0 0.0 0.0 0.0 0.0 0.0 0.0 0.0 0.0 0.0 0.0 0.0 0.0 0.0 0.0 0.0 0.0 0.0 0.0 0.0 0.0 0.0 0.0 0.0 0.0 0.0 0.0 0.0 0.0 0.0 0.0 0.0 0.0 0.0 0.0 0.0
## eigenvalues of T0123h imag 0.0 0.0 0.0 0.0 0.0 0.0 0.0 0.0 0.0 0.0 0.0 0.0 0.0 0.0 0.0 0.0 0.0 0.0 0.0 0.0 0.0 0.0 0.0 0.0 0.0 0.0 0.0 0.0 0.0 0.0 0.0 0.0 0.0 0.0 0.0 0.0 0.0 0.0 0.0 0.0 0.0 0.0 0.0 0.0 0.0 0.0 0.0 0.0 0.0 0.0 0.0 0.0 0.0 0.0 0.0 0.0 0.0 0.0 0.0 0.0 0.0 0.0 0.0 0.0 0.0 0.0 0.0 0.0 0.0 0.0 0.0 0.0 0.0 0.0 0.0 0.0 0.0 0.0 0.0 0.0 0.0 0.0 0.0 0.0 0.0 0.0 0.0 0.0 0.0 0.0 0.0 0.0 0.0 0.0 0.0 0.0 0.0 0.0 0.0 0.0 0.0 0.0 0.0 0.0 0.0 0.0 0.0 0.0 0.0 0.0 0.0 0.0 0.0 0.0 0.0 0.0 0.0 0.0 0.0 0.0 0.0 0.0 0.0 0.0 0.0 0.0 0.0 0.0 0.0 0.0 0.0 0.0 0.0 0.0 0.0 0.0 0.0 0.0 0.0 0.0 0.0 0.0 0.0 0.0 0.0 0.0 0.0 0.0 0.0 0.0 0.0 0.0 0.0 0.0 0.0 0.0 0.0 0.0 0.0 0.0 0.0 0.0 0.0 0.0 0.0 0.0 0.0 0.0 0.0 0.0 0.0 0.0 0.0 0.0 0.0 0.0 0.0 0.0 0.0 0.0 0.0 0.0 0.0 0.0 0.0 0.0 0.0 0.0 0.0 0.0 0.0 0.0 0.0 0.0 0.0 0.0 0.0 0.0 0.0 0.0 0.0 0.0 0.0 0.0 0.0 0.0 0.0 0.0 0.0 0.0 0.0 0.0 0.0 0.0 0.0 0.0 0.0 0.0 0.0 0.0 0.0 0.0 0.0 0.0 0.0 0.0 0.0 0.0 0.0 0.0 0.0 0.0 0.0 0.0 0.0 0.0 0.0 0.0 0.0 0.0 0.0 0.0 0.0 0.0 0.0 0.0 0.0 0.0 0.0 0.0 0.0 0.0 0.0 0.0 0.0 0.0 0.0 0.0 0.0 0.0 0.0 0.0 0.0 0.0 0.0 0.0 0.0 0.0 0.0 0.0 0.0 0.0 0.0 0.0 0.0 0.0 0.0 0.0 0.0 0.0 0.0 0.0 0.0 0.0 0.0 0.0 0.0 0.0 0.0 0.0 0.0 0.0 0.0 0.0 0.0 0.0 0.0 0.0 0.0 0.0 0.0 0.0 0.0 0.0 0.0 0.0 0.0 0.0 0.0 0.0 0.0 0.0 0.0 0.0 0.0 0.0 0.0 0.0 0.0 0.0 0.0 0.0 0.0 0.0 0.0 0.0 0.0 0.0 0.0 0.0 0.0 0.0 0.0 0.0 0.0 0.0 0.0 0.0 0.0 0.0 0.0 0.0 0.0 0.0 0.0 0.0 0.0 0.0 0.0 0.0 0.0 0.0 0.0 0.0 0.0 0.0 0.0 0.0 0.0 0.0 0.0 0.0 0.0 0.0 0.0 0.0 0.0 0.0 0.0 0.0 0.0 0.0 0.0 0.0 0.0 0.0 0.0 0.0 0.0 0.0 0.0 0.0 0.0 0.0 0.0 0.0 0.0 0.0 0.0 0.0 0.0 0.0 0.0 0.0 0.0 0.0 0.0 0.0 0.0 0.0 0.0 0.0 0.0 0.0 0.0 0.0 0.0 0.0 0.0 0.0 0.0 0.0 0.0 0.0 0.0 0.0 0.0 0.0 0.0 0.0 0.0 0.0 0.0 0.0 0.0 0.0 0.0 0.0 0.0 0.0 0.0 0.0 0.0 0.0 0.0 0.0 0.0 0.0 0.0 0.0 0.0 0.0 0.0 0.0 0.0 0.0 0.0 0.0 0.0 0.0 0.0 0.0 0.0 0.0 0.0 0.0 0.0 0.0 0.0 0.0 0.0 0.0 0.0 0.0 0.0 0.0 0.0 0.0 0.0 0.0 0.0 0.0 0.0 0.0 0.0 0.0 0.0 0.0 0.0 0.0 0.0 0.0 0.0 0.0 0.0 0.0 0.0 0.0 0.0 0.0 0.0 0.0 0.0 0.0 0.0 0.0 0.0 0.0 0.0 0.0 0.0 0.0 0.0 0.0 0.0 0.0 0.0 0.0 0.0 0.0 0.0 0.0 0.0 0.0 0.0 0.0 0.0 0.0 0.0 0.0 0.0 0.0 0.0 0.0 0.0 0.0 0.0 0.0 0.0 0.0 0.0 0.0 0.0 0.0 0.0 0.0 0.0 0.0 0.0 0.0 0.0 0.0 0.0 0.0 0.0 0.0 0.0 0.0 0.0 0.0 0.0 0.0 0.0 0.0 0.0 0.0 0.0 0.0 0.0 0.0 0.0 0.0 0.0 0.0 0.0 0.0 0.0 0.0 0.0 0.0 0.0 0.0 0.0 0.0 0.0 0.0 0.0 0.0 0.0 0.0 0.0 0.0 0.0 0.0 0.0 0.0 0.0 0.0 0.0 0.0 0.0 0.0 0.0 0.0 0.0 0.0 0.0 0.0 0.0 0.0 0.0 0.0 0.0 0.0 0.0 0.0 0.0 0.0 0.0 0.0 0.0 0.0 0.0 0.0 0.0 0.0 0.0 0.0 0.0 0.0 0.0 0.0 0.0 0.0 0.0 0.0 0.0 0.0 0.0 0.0 0.0 0.0 0.0 0.0 0.0 0.0 0.0 0.0 0.0 0.0 0.0 0.0 0.0 0.0 0.0 0.0 0.0 0.0 0.0 0.0 0.0 0.0 0.0 0.0 0.0 0.0 0.0 0.0 0.0 0.0 0.0 0.0 0.0 0.0 0.0 0.0 0.0 0.0 0.0 0.0 0.0 0.0 0.0 0.0 0.0 0.0 0.0 0.0 0.0 0.0 0.0 0.0 0.0 0.0 0.0 0.0 0.0 0.0 0.0 0.0 0.0 0.0 0.0 0.0 0.0 0.0 0.0 0.0 0.0 0.0 0.0 0.0 0.0 0.0 0.0 0.0 0.0 0.0 0.0 0.0 0.0 0.0 0.0 0.0 0.0 0.0 0.0 0.0 0.0 0.0 0.0 0.0 0.0 0.0 0.0 0.0 0.0 0.0 0.0 0.0 0.0 0.0 0.0 0.0 0.0 0.0 0.0 0.0 0.0 0.0 0.0 0.0 0.0 0.0 0.0 0.0 0.0 0.0 0.0 0.0 0.0 0.0 0.0 0.0 0.0 0.0 0.0 0.0 0.0 0.0 0.0 0.0 0.0 0.0 0.0 0.0 0.0 0.0 0.0 0.0 0.0 0.0 0.0 0.0 0.0 0.0 0.0 0.0 0.0 0.0 0.0 0.0 0.0 0.0 0.0 0.0 0.0 0.0 0.0 0.0 0.0 0.0 0.0 0.0 0.0 0.0 0.0 0.0 0.0 0.0 0.0 0.0 0.0 0.0 0.0 0.0 0.0 0.0 0.0 0.0 0.0 0.0 0.0 0.0 0.0 0.0 0.0 0.0 0.0 0.0 0.0 0.0 0.0 0.0 0.0 0.0 0.0 0.0 0.0 0.0 0.0 0.0 0.0 0.0 0.0 0.0 0.0 0.0 0.0 0.0 0.0 0.0 0.0 0.0 0.0 0.0 0.0 0.0 0.0 0.0 0.0 0.0 0.0 0.0 0.0 0.0 0.0 0.0 0.0 0.0 0.0 0.0 0.0 0.0 0.0 0.0 0.0 0.0 0.0 0.0 0.0 0.0 0.0 0.0 0.0 0.0 0.0 0.0 0.0 0.0 0.0 0.0 0.0 0.0 0.0 0.0 0.0 0.0 0.0 0.0 0.0 0.0 0.0 0.0 0.0 0.0 0.0 0.0 0.0 0.0 0.0 0.0 0.0 0.0 0.0 0.0 0.0 0.0 0.0 0.0 0.0 0.0 0.0 0.0 0.0 0.0 0.0 0.0 0.0 0.0 0.0 0.0 0.0 0.0 0.0 0.0 0.0 0.0 0.0 0.0 0.0 0.0 0.0 0.0 0.0 0.0 0.0 0.0 0.0 0.0 0.0 0.0 0.0 0.0 0.0 0.0 0.0 0.0 0.0 0.0 0.0 0.0 0.0 0.0 0.0 0.0 0.0 0.0 0.0 0.0 0.0
## eigenvalues of T0123h imag max 0.0
## np.allclose(T0123v,T0123v.T,rtol=1e-6,atol=1e-6) False
## eigenvalues of T0123v abs 1.0627616497112902 0.41419222403016287 0.34249144804915727 0.24501071296605323 0.14884663367540463 0.13541712621473775 0.12700235172338492 0.09447991413182275 0.09014716652502944 0.08206125198555955 0.07747813387166508 0.05387404632783946 0.052416480025840276 0.04676109722851455 0.04084679668011624 0.03998221080637046 0.03933052990043303 0.03929275320968193 0.03190109823693556 0.028768148512432392 0.025708047551691673 0.024715580667119662 0.024614657602130188 0.023744979864647492 0.023007079357400134 0.02177141775047227 0.020334531933198955 0.019631429330284444 0.01940810349875901 0.017794364390744877 0.016374501160769033 0.014985733208948863 0.014374158789034898 0.01295741546657051 0.012878222148389531 0.012357982883019768 0.012051698973197342 0.011915925817378418 0.011091895019245106 0.010967058512893129 0.010563945011342947 0.010507452260223751 0.010252427969597269 0.01002387000215447 0.009042737270133688 0.007952290316336416 0.007754659932822183 0.0077122992229113835 0.00729215385142852 0.007078424686033529 0.006997394473031113 0.006743574826299084 0.006534027254755499 0.0063397690482733466 0.006333929268859394 0.006261090220262089 0.005948458619588488 0.0057202008840418015 0.005487824495218331 0.005361779940067046 0.005140353256393541 0.00511951842492517 0.005079727391102206 0.004936694694070511 0.004492146917384161 0.004461339252041111 0.0042738145491446715 0.004145168825706989 0.0039289698081987345 0.0038775174734102177 0.0038574334093078775 0.0038464312319362094 0.0038402485607980648 0.0037997823918189465 0.0037325956400020774 0.0034289935122974145 0.003384749811388037 0.0031467197701153925 0.0030634528984784036 0.0029582387590389755 0.0028144728777629107 0.0027906954573682476 0.0026459456343765836 0.0025921748372482595 0.0025693650975162105 0.0024977954026421793 0.0024630245206311717 0.0024175421403054473 0.0024151575394374923 0.002373416681695534 0.0022304392237956013 0.002212798847107264 0.002156115247783481 0.0021522993528943915 0.0021265140419855135 0.0020902709840204758 0.002085562195204692 0.002063842226243954 0.002053539369750308 0.002035649586177777 0.001992127410905447 0.001840552944329703 0.0017637609581535167 0.0017089948400952442 0.0016549574646193706 0.001594155147271685 0.0015788924281197852 0.0015335963561868848 0.001532097498398597 0.0015232639490242856 0.0015128656856895437 0.0014760042268440617 0.0014535575046088433 0.0013685511170563821 0.001355010202031796 0.001354904040306406 0.0013267877801121965 0.0012927097765447924 0.0012828287940435342 0.001279205588418799 0.0012601172455577435 0.0012457078346512801 0.0012405172209582521 0.0012351934264946706 0.001226374432137994 0.0011969136069194136 0.0011790543150963747 0.0011771200359532385 0.001158541193109242 0.0011544082560278977 0.0011319180897043269 0.0010998730601781543 0.0010996756669375432 0.0010823306192654682 0.001059148152625447 0.001028083396001875 0.0010230000005692038 0.0009927935203811987 0.0009865609226182674 0.0009840312115849154 0.0009113472070784688 0.0008790505339142963 0.0008582638956489708 0.0008231787888563836 0.0008228397587978572 0.0008176964798782643 0.0007851118388873071 0.0007677267516405644 0.0007639423643963671 0.0007622073251780684 0.0007340480705562861 0.0007321267275480035 0.0007064550956498529 0.0007064284184558696 0.0006882995458095544 0.0006696325175991428 0.0006664086141793034 0.000664515011362151 0.0006502227576927795 0.0006416876253958566 0.0006321137084549568 0.000620238210432392 0.0005998889051653241 0.0005824935795507703 0.0005780758031225248 0.000577827417371062 0.0005668644027698535 0.0005566601832140367 0.0005308786735206097 0.0005167053220177093 0.0005153111614454904 0.0004922413525541148 0.00048135232670775075 0.0004784727850547554 0.0004769521296404391 0.00047334458828975984 0.00047275032842568625 0.000472138874064976 0.0004685050092458394 0.000459348826730649 0.0004485966625159577 0.00044413336478616757 0.0004381416992081609 0.0004337483119692991 0.00043245320827700953 0.00042634977235963184 0.00041144234916840495 0.0004112953673199384 0.0004101323677146959 0.000404763968186328 0.00040340005418126515 0.00040225947438547765 0.00040174726753117797 0.0003963782139564417 0.00039443976573330403 0.00037556864182701857 0.0003748788145934069 0.0003719849219065056 0.0003679363341334317 0.0003636110254107085 0.00035151049761121615 0.0003464305973923076 0.0003449017375784273 0.000343485694611316 0.00034248356898084213 0.0003417700571996344 0.00034090368658799223 0.0003379391464740829 0.00033180104154365117 0.0003284679923927498 0.00032547157898675066 0.0003145357582408034 0.0003044266344794496 0.0003016428736496891 0.0002982748544207337 0.00029770195778076327 0.00029430958424614287 0.0002941988032647575 0.0002936355214449043 0.00028974584848275796 0.00028351798172288165 0.0002742860773131083 0.0002738677872609848 0.0002731814267864611 0.00027025461325285517 0.00026943757796695097 0.0002625133564044463 0.00025760260365637245 0.00025361663017040703 0.0002520191588976512 0.0002458215263215062 0.0002443666152538762 0.00023636612204628948 0.0002358556996809105 0.00023577941915742687 0.00023233672076696522 0.00022809489747173232 0.0002266740746163829 0.00022332064960566128 0.00022322155812200535 0.0002221012815859423 0.0002159358423143393 0.0002156137612296276 0.00020921318089715533 0.00020649160128471554 0.00020197534688467896 0.00019699958609374448 0.00019629072265026174 0.00019204024407890372 0.0001909194984966055 0.00019048664497438382 0.0001879538404456747 0.00018431575669154715 0.00018233191657670658 0.00018100342840414758 0.0001692260968140193 0.00016804333353497572 0.00016386670561755295 0.00016346272783430128 0.00016264403525312687 0.0001589323105819011 0.00015723141358229263 0.0001571090378397453 0.0001548076737342733 0.00015263953401089482 0.0001483152452429796 0.00014477663237200166 0.00014381575339037883 0.0001413117884719482 0.00014000642456936588 0.00013976572360109896 0.0001380051117828492 0.00013713566555290864 0.0001349523775465163 0.0001332559303771455 0.000132543937275656 0.00013202768112506068 0.00012746644523799796 0.00012720469331449865 0.0001255184917444389 0.00012420734059425472 0.0001239397516704738 0.0001223774397899986 0.00012145789314438983 0.00011929997372153612 0.00011606630442984384 0.00011579659749300067 0.00011496642716959331 0.00011283000597526454 0.00011104282437394668 0.00010956723933162874 0.00010834373188510656 0.00010718379866840797 0.00010609254622807694 0.00010604196168984586 0.00010525988375565116 0.00010448175720827055 0.00010447811268526663 0.00010414540861626618 0.00010172061848039451 0.0001013623160298382 0.00010095342132407905 9.983136795349161e-05 9.970009270107865e-05 9.767912294592865e-05 9.754113278731541e-05 9.748322665383879e-05 9.696084338587127e-05 9.573395974999759e-05 9.09328427185748e-05 9.072281228885742e-05 9.058749970715127e-05 8.763215527812864e-05 8.686441642916207e-05 8.618987262566029e-05 8.613961720591024e-05 8.43065799849425e-05 8.350833714660713e-05 8.20748544774294e-05 8.134147671881288e-05 8.078293981609955e-05 7.95652759184048e-05 7.92554856804846e-05 7.849973831231796e-05 7.821321099839369e-05 7.763160230136304e-05 7.733213124833379e-05 7.727364685238575e-05 7.706981300021869e-05 7.647759577935934e-05 7.52667193944056e-05 7.477268053090362e-05 7.380300011591353e-05 7.299144571921865e-05 7.234059589497768e-05 7.190948828142467e-05 7.093784746842374e-05 6.993830284822487e-05 6.960788671935885e-05 6.911536449278745e-05 6.854877448575157e-05 6.83447180117081e-05 6.574537758758761e-05 6.41931094876752e-05 6.376772411252943e-05 6.364413360401755e-05 6.269659005771601e-05 6.26058796965108e-05 6.248681963432529e-05 5.943866230045589e-05 5.8886861097568655e-05 5.735811028046738e-05 5.6645804261573705e-05 5.5681923015719796e-05 5.5359599798059666e-05 5.530154936437536e-05 5.4968777425981236e-05 5.3326003437374006e-05 5.301332375661903e-05 5.245818934759648e-05 5.227585168030508e-05 5.205379664640433e-05 5.164713675573104e-05 5.0412350054052874e-05 5.034495540303136e-05 4.980050737143395e-05 4.9553027906849294e-05 4.896252567032824e-05 4.7124993462748324e-05 4.6334404731722624e-05 4.5916968941669675e-05 4.584307116433775e-05 4.531736273074849e-05 4.462229316208084e-05 4.460364128876366e-05 4.4126920280224724e-05 4.318313137288502e-05 4.281448015990783e-05 4.2792288695280924e-05 4.226079964031783e-05 4.126688503697066e-05 4.1213661406584436e-05 4.113266778012837e-05 4.108191650423783e-05 4.045311114798295e-05 4.0331882821630866e-05 3.99535172378966e-05 3.969869760638544e-05 3.952189413001933e-05 3.803436723875695e-05 3.754218815942372e-05 3.696934438574182e-05 3.654439723368224e-05 3.640747261496152e-05 3.589563568216788e-05 3.576397313256475e-05 3.55528753330662e-05 3.494650440788686e-05 3.386714890776915e-05 3.254433130117869e-05 3.208117043605508e-05 3.191297605878983e-05 3.144688398893995e-05 3.119155258423187e-05 3.0950225399759573e-05 3.061912200446457e-05 2.9905712145075294e-05 2.9885115943296958e-05 2.976663545763156e-05 2.957611047392233e-05 2.9459071070160963e-05 2.9254572846331695e-05 2.924099243141198e-05 2.876247616792871e-05 2.8347416019117408e-05 2.8207003830450923e-05 2.8154429168839273e-05 2.808412764291783e-05 2.7910272233927714e-05 2.753115017184245e-05 2.7524536655960314e-05 2.732064840338512e-05 2.726158850562907e-05 2.670461784430285e-05 2.6656773570610363e-05 2.6043973965577556e-05 2.519413762433865e-05 2.5102861209001907e-05 2.477141757502319e-05 2.4324152587167022e-05 2.4121613295283734e-05 2.3713733318033475e-05 2.3658853622437458e-05 2.3189987453006994e-05 2.3122534832311952e-05 2.3013633287210708e-05 2.279345759550173e-05 2.2752874939923983e-05 2.274284626143275e-05 2.228656818146353e-05 2.18705690632385e-05 2.1856775735023078e-05 2.1758963002726702e-05 2.150891126246381e-05 2.1253213682685097e-05 2.1183318439720323e-05 2.0830503840070795e-05 2.0552771474935858e-05 2.016456266342467e-05 1.9224339386578927e-05 1.9063915184764672e-05 1.8918682226028902e-05 1.888838488357436e-05 1.8870873577535316e-05 1.846057256447316e-05 1.8306297093935625e-05 1.8243151499567463e-05 1.807194021903089e-05 1.804900974478318e-05 1.7341700063685606e-05 1.731034838609214e-05 1.72868465345833e-05 1.7188881311341876e-05 1.714592053089106e-05 1.7094109885548952e-05 1.6939774929291467e-05 1.6786209818216957e-05 1.6684218732538475e-05 1.6641150793556765e-05 1.6504605951874286e-05 1.6357285634529937e-05 1.6331314353474932e-05 1.5850841233612235e-05 1.526507018754681e-05 1.5187657200082643e-05 1.5040748217389344e-05 1.4964665045047404e-05 1.4862387379207673e-05 1.420393488820042e-05 1.4184226773261502e-05 1.4127026152818711e-05 1.3803393526755041e-05 1.3034186131612574e-05 1.2960934451095835e-05 1.2789411384532716e-05 1.2591164945785416e-05 1.2553520606878313e-05 1.2486386464285824e-05 1.205112801532982e-05 1.194425843746379e-05 1.1943228396252253e-05 1.1796372775447519e-05 1.1557474221022246e-05 1.1542617269769084e-05 1.1430355797520753e-05 1.1282836986404307e-05 1.1133678756087976e-05 1.112152182477111e-05 1.1079955079926621e-05 1.1029815527040239e-05 1.0687927452862645e-05 1.0670855106341893e-05 1.0620102165568359e-05 1.0593722376186012e-05 1.0578873625414975e-05 1.0526517819638473e-05 1.0392943209931523e-05 1.0176178435248245e-05 1.0104162633600077e-05 1.0099528801689387e-05 9.899493657510843e-06 9.861711274445064e-06 9.792629634283497e-06 9.762184205580667e-06 9.561440932869663e-06 9.452874604095027e-06 9.429075281928258e-06 9.315429536771904e-06 9.287106686145184e-06 9.220846444683536e-06 9.13657618381366e-06 9.01164726233498e-06 8.976674493722129e-06 8.931166097892369e-06 8.88233498141362e-06 8.843935133564422e-06 8.810151339883419e-06 8.788928969105585e-06 8.706679030084598e-06 8.621475599295926e-06 8.541486755194636e-06 8.389413605481596e-06 8.370295042686977e-06 8.347419826854665e-06 8.224751830808194e-06 8.131678320549743e-06 8.036306936432404e-06 7.978256848097406e-06 7.946547486544893e-06 7.743911366551738e-06 7.732960942945045e-06 7.481728670567285e-06 7.468687691979075e-06 7.4255140422846516e-06 7.421603781721231e-06 7.354574592615293e-06 7.279870068440464e-06 7.203788161587192e-06 7.1676642354850856e-06 7.003995882060448e-06 6.8416377486300485e-06 6.818764618637243e-06 6.769379580150778e-06 6.74949765117567e-06 6.66935399734137e-06 6.6050053743149706e-06 6.555930516944368e-06 6.450776986772913e-06 6.447611109322556e-06 6.3523896746959705e-06 6.299326034135481e-06 6.293566198753629e-06 6.215809249737517e-06 6.208315953607652e-06 6.119141220852116e-06 6.094411418944462e-06 5.9937869372152595e-06 5.955321985160098e-06 5.770545656595137e-06 5.581413871390062e-06 5.480928270026527e-06 5.389040272232312e-06 5.365282669464527e-06 5.297459643151235e-06 5.08999291318707e-06 4.860652607229748e-06 4.733192168891201e-06 4.686861692127216e-06 4.6719291012902635e-06 4.5893067884881314e-06 4.562929808393019e-06 4.530343050502096e-06 4.52184671463558e-06 4.5060906459583345e-06 4.444200781186263e-06 4.323850604417714e-06 4.292872805134381e-06 4.2472035306689354e-06 4.245353463690407e-06 4.1674663858240706e-06 4.148059982627642e-06 4.142194431654578e-06 4.133772543092625e-06 4.09756883770881e-06 4.058964631207781e-06 4.0486913675908694e-06 3.999124385280407e-06 3.965969089588655e-06 3.9639556501640435e-06 3.940673159777333e-06 3.85764774282633e-06 3.824419849197602e-06 3.7537670522711914e-06 3.7519818642319533e-06 3.6195004327497107e-06 3.4786085325309796e-06 3.37535628299898e-06 3.289188410930843e-06 3.279225399745983e-06 3.2380555900776344e-06 3.2138812125035025e-06 3.164534362271243e-06 3.13229967179855e-06 3.1262155999120975e-06 3.0621561385677306e-06 2.9823955161765135e-06 2.9677909226183405e-06 2.922724619376773e-06 2.8397962651175214e-06 2.8321512130962807e-06 2.829597876243821e-06 2.8086884950537427e-06 2.7436672746471283e-06 2.717880211047787e-06 2.7010315073512744e-06 2.689153504814951e-06 2.623877365463619e-06 2.5980643838795707e-06 2.592791398349752e-06 2.5787552647826226e-06 2.5622547535018066e-06 2.561564174920986e-06 2.5613852205276637e-06 2.5568665416063287e-06 2.5342771281934853e-06 2.5153444921696657e-06 2.4960187605159597e-06 2.4923344451253873e-06 2.4657427853434376e-06 2.4070584579161358e-06 2.383722564175228e-06 2.2576247988810275e-06 2.2530296422336007e-06 2.244384708251499e-06 2.2209923180767796e-06 2.163661622208339e-06 2.1601527705949907e-06 2.1328392365688273e-06 2.054629697020278e-06 2.032137182342039e-06 2.0136450493036722e-06 1.9367030246007894e-06 1.928386111775421e-06 1.9074647232553677e-06 1.882069173190941e-06 1.8655540508453056e-06 1.8258594141762844e-06 1.8067336677419679e-06 1.801433486428813e-06 1.7979559719447946e-06 1.7547477614246638e-06 1.7491088653280618e-06 1.7000412223760456e-06 1.672338891411806e-06 1.6707443546966932e-06 1.6387653114626853e-06 1.6362156242312426e-06 1.5829277913069614e-06 1.5640323404879492e-06 1.5606887473356462e-06 1.5237914647575457e-06 1.5016204215930122e-06 1.4272720584282988e-06 1.409374836232008e-06 1.387929241786379e-06 1.3747686341767492e-06 1.370475716594987e-06 1.3624182950491496e-06 1.3391395484239655e-06 1.329675613046721e-06 1.3266745143670533e-06 1.3103457827487452e-06 1.301006363840084e-06 1.2722768955853762e-06 1.2496769753984207e-06 1.2307988393630373e-06 1.203389731230054e-06 1.1825397923902893e-06 1.1780253500879415e-06 1.0831076640023794e-06 1.0719529686672368e-06 1.0348973553680215e-06 1.010838910684732e-06 1.0087585171563432e-06 9.858331503647588e-07 9.850592635513217e-07 9.441379035674232e-07 9.297630054954705e-07 9.265159401525526e-07 9.245279363836842e-07 9.244661442281906e-07 9.164880422423968e-07 8.990604161367712e-07 8.954975163658829e-07 8.836876028622664e-07 8.747697482328228e-07 8.422994351045843e-07 8.415036650082784e-07 8.339705672063583e-07 8.174110048982271e-07 8.161380531693501e-07 8.127711669283374e-07 8.04103141350417e-07 8.009131182646942e-07 7.982898615180787e-07 7.883320012078839e-07 7.850425911950629e-07 7.784621003369834e-07 7.777456928999986e-07 7.687825146936905e-07 7.553821560590871e-07 7.038018334270412e-07 7.036543837425118e-07 6.86999232626572e-07 6.851065878035838e-07 6.314215154373013e-07 6.247637925248551e-07 6.232406110554288e-07 6.085579606115558e-07 6.077454154225466e-07 5.837576442597318e-07 5.736324860360208e-07 5.715046026645801e-07 5.69452083465407e-07 5.661922349559116e-07 5.62119222340375e-07 5.619387990929643e-07 5.45282589799382e-07 5.391186593186827e-07 5.37880643042046e-07 5.376818433219601e-07 5.181798287233757e-07 4.871384214843993e-07 4.2986505477107816e-07 4.2983324133806385e-07 4.135097561394617e-07 4.1155763218322344e-07 3.890471137277557e-07 3.586725767821587e-07 3.5402475647048925e-07 3.4905097102414345e-07 3.480970978269664e-07 3.350029835097049e-07 3.3479697074855147e-07 3.3202858715646456e-07 3.134136743403572e-07 3.072893266331425e-07 3.03679075717748e-07 2.992381904811569e-07 2.9292847211780797e-07 2.926304918199144e-07 2.8123317879963465e-07 2.7970600657219175e-07 2.764948266610724e-07 2.761964082074434e-07 2.718360016029233e-07 2.673232257446789e-07 2.6487533135432254e-07 2.634874914699075e-07 2.6103501074214773e-07 2.604361295795478e-07 2.598585780357286e-07 2.5238531047209093e-07 2.419764156038483e-07 2.360052643385158e-07 2.3443399634196203e-07 2.3380388272827934e-07 2.2749222847247057e-07 2.1720285322544074e-07 2.1688843947277187e-07 2.1503394602135818e-07 2.146433238604827e-07 1.9110128483477557e-07 1.8983250043827487e-07 1.8862710944569512e-07 1.5866688438795563e-07 1.578421000221281e-07 1.4890894296151644e-07 1.4675687967520832e-07 1.4315212841774725e-07 1.4313656292030238e-07 1.4260072211122466e-07 1.4244821216923007e-07 1.2750062257365746e-07 1.269300215959509e-07 1.206826916729539e-07 1.1904492195613144e-07 1.164908582093305e-07 1.1604687421781746e-07 1.0429750089396946e-07 1.0307807059144767e-07 1.0174059390604113e-07 1.0146025388452476e-07 9.515153277422803e-08 9.283710556887708e-08 9.223564547912038e-08 9.215136374599196e-08 8.866212219624206e-08 8.058780036276218e-08 7.976985530369605e-08 7.954721900309116e-08 7.946918563438837e-08 7.929689257490155e-08 7.846257233670296e-08 6.416945002878602e-08 6.300149819611681e-08 6.278841953876858e-08 6.277917898565158e-08 6.259552724178269e-08 5.23977020695959e-08 4.888817627070117e-08 4.88774630218772e-08 3.639504460107029e-08 3.5471301553168757e-08 3.270090837483668e-08 3.186154543708283e-08 3.0325889871554595e-08 3.028315040925732e-08 2.470020834553757e-08 2.4261129128540253e-08 2.3600299784664812e-08 2.356117810506951e-08 1.964024330047822e-08 1.944029233889355e-08 1.3145216546694975e-08 1.3108443530432949e-08 8.320402025161928e-09 8.310674512457173e-09 8.308801475059437e-09 8.30209123741545e-09 1.90206307381751e-09 0.0 0.0 0.0 0.0 0.0 0.0 0.0 0.0 0.0 0.0 0.0 0.0 0.0 0.0 0.0 0.0 0.0 0.0 0.0 0.0 0.0 0.0 0.0 0.0 0.0 0.0 0.0 0.0 0.0 0.0 0.0 0.0 0.0 0.0 0.0 0.0 0.0 0.0 0.0 0.0 0.0 0.0 0.0 0.0 0.0 0.0 0.0 0.0 0.0 0.0 0.0 0.0 0.0 0.0 0.0 0.0 0.0 0.0 0.0 0.0 0.0 0.0 0.0 0.0 0.0 0.0 0.0 0.0 0.0 0.0 0.0 0.0 0.0 0.0 0.0 0.0 0.0 0.0 0.0 0.0 0.0 0.0 0.0 0.0 0.0 0.0 0.0 0.0 0.0 0.0 0.0 0.0 0.0 0.0 0.0 0.0 0.0 0.0 0.0 0.0 0.0 0.0 0.0 0.0 0.0 0.0 0.0 0.0 0.0 0.0 0.0 0.0 0.0 0.0 0.0 0.0 0.0 0.0 0.0 0.0
## eigenvalues of T0123v real 1.0627616497112902 0.41419222403016287 0.34249144804915727 0.24501071296605323 0.14884663367540463 0.13541712621473775 0.12700235172338492 0.09447991413182275 0.09014716652502944 0.08206125198555955 0.07747813387166508 0.05387404632783946 0.052416480025840276 0.04676109722851455 0.04084679668011624 0.03998221080637046 0.03933052990043303 0.03929275320968193 0.03190109823693556 0.028768148512432392 0.025708047551691673 0.024715580667119662 0.024614657602130188 0.023744979864647492 0.023007079357400134 0.02177141775047227 0.020334531933198955 0.019631429330284444 0.01940810349875901 0.017794364390744877 0.016374501160769033 0.014985733208948863 0.014374158789034898 0.01295741546657051 0.012878222148389531 0.012357982883019768 0.012051698973197342 0.011915925817378418 0.011091895019245106 0.010967058512893129 0.010563945011342947 0.010507452260223751 0.010252427969597269 0.01002387000215447 0.009042737270133688 0.007952290316336416 0.007754659932822183 0.0077122992229113835 0.00729215385142852 0.007078424686033529 0.006997394473031113 0.006743574826299084 0.006534027254755499 0.0063397690482733466 0.006333929268859394 0.006261090220262089 0.005948458619588488 0.0057202008840418015 0.005487824495218331 0.005361779940067046 0.005140353256393541 0.00511951842492517 0.005079727391102206 0.004936694694070511 0.004492146917384161 0.004461339252041111 0.0042738145491446715 0.004145168825706989 0.0039289698081987345 0.0038775174734102177 0.0038574334093078775 0.0038464312319362094 0.0038402485607980648 0.0037997823918189465 0.0037325956400020774 0.0034289935122974145 0.003384749811388037 0.0031467197701153925 0.0030634528984784036 0.0029582387590389755 0.0028144728777629107 0.0027906954573682476 0.0026459456343765836 0.0025921748372482595 0.0025693650975162105 0.0024977954026421793 0.0024630245206311717 0.0024175421403054473 0.0024151575394374923 0.002373416681695534 0.0022304392237956013 0.002212798847107264 0.002156115247783481 0.0021522993528943915 0.0021265140419855135 0.0020902709840204758 0.002085562195204692 0.002063842226243954 0.002053539369750308 0.002035649586177777 0.001992127410905447 0.001840552944329703 0.0017637609581535167 0.0017089948400952442 0.0016549574646193706 0.001594155147271685 0.0015788924281197852 0.0015335963561868848 0.001532097498398597 0.0015232639490242856 0.0015128656856895437 0.0014760042268440617 0.0014535575046088433 0.0013685511170563821 0.001355010202031796 0.001354904040306406 0.0013267877801121965 0.0012927097765447924 0.0012828287940435342 0.001279205588418799 0.0012601172455577435 0.0012457078346512801 0.0012405172209582521 0.0012351934264946706 0.001226374432137994 0.0011969136069194136 0.0011790543150963747 0.0011771200359532385 0.001158541193109242 0.0011544082560278977 0.0011319180897043269 0.0010998730601781543 0.0010996756669375432 0.0010823306192654682 0.001059148152625447 0.001028083396001875 0.0010230000005692038 0.0009927935203811987 0.0009865609226182674 0.0009840312115849154 0.0009113472070784688 0.0008790505339142963 0.0008582638956489708 0.0008231787888563836 0.0008228397587978572 0.0008176964798782643 0.0007851118388873071 0.0007677267516405644 0.0007639423643963671 0.0007622073251780684 0.0007340480705562861 0.0007321267275480035 0.0007064550956498529 0.0007064284184558696 0.0006882995458095544 0.0006696325175991428 0.0006664086141793034 0.000664515011362151 0.0006502227576927795 0.0006416876253958566 0.0006321137084549568 0.000620238210432392 0.0005998889051653241 0.0005824935795507703 0.0005780758031225248 0.000577827417371062 0.0005668644027698535 0.0005566601832140367 0.0005308786735206097 0.0005167053220177093 0.0005153111614454904 0.0004922413525541148 0.00048135232670775075 0.0004784727850547554 0.0004769521296404391 0.00047334458828975984 0.00047275032842568625 0.000472138874064976 0.0004685050092458394 0.000459348826730649 0.0004485966625159577 0.00044413336478616757 0.0004381416992081609 0.0004337483119692991 0.00043245320827700953 0.00042634977235963184 0.00041144234916840495 0.0004112953673199384 0.0004101323677146959 0.000404763968186328 0.00040340005418126515 0.00040225947438547765 0.00040174726753117797 0.0003963782139564417 0.00039443976573330403 0.00037556864182701857 0.0003748788145934069 0.0003719849219065056 0.0003679363341334317 0.0003636110254107085 0.00035151049761121615 0.0003464305973923076 0.0003449017375784273 0.000343485694611316 0.00034248356898084213 0.0003417700571996344 0.00034090368658799223 0.0003379391464740829 0.00033180104154365117 0.0003284679923927498 0.00032547157898675066 0.0003145357582408034 0.0003044266344794496 0.0003016428736496891 0.0002982748544207337 0.00029770195778076327 0.00029430958424614287 0.0002941988032647575 0.0002936355214449043 0.00028974584848275796 0.00028351798172288165 0.0002742860773131083 0.0002738677872609848 0.0002731814267864611 0.00027025461325285517 0.00026943757796695097 0.0002625133564044463 0.00025760260365637245 0.00025361663017040703 0.0002520191588976512 0.0002458215263215062 0.0002443666152538762 0.00023636612204628948 0.0002358556996809105 0.00023577941915742687 0.00023233672076696522 0.00022809489747173232 0.0002266740746163829 0.00022332064960566128 0.00022322155812200535 0.0002221012815859423 0.0002159358423143393 0.0002156137612296276 0.00020921318089715533 0.00020649160128471554 0.00020197534688467896 0.00019699958609374448 0.00019629072265026174 0.00019204024407890372 0.0001909194984966055 0.00019048664497438382 0.0001879538404456747 0.00018431575669154715 0.00018233191657670658 0.00018100342840414758 0.0001692260968140193 0.00016804333353497572 0.00016386670561755295 0.00016346272783430128 0.00016264403525312687 0.0001589323105819011 0.00015723141358229263 0.0001571090378397453 0.0001548076737342733 0.00015263953401089482 0.0001483152452429796 0.00014477663237200166 0.00014381575339037883 0.0001413117884719482 0.00014000642456936588 0.00013976572360109896 0.0001380051117828492 0.00013713566555290864 0.0001349523775465163 0.0001332559303771455 0.000132543937275656 0.00013202768112506068 0.00012746644523799796 0.00012720469331449865 0.0001255184917444389 0.00012420734059425472 0.0001239397516704738 0.0001223774397899986 0.00012145789314438983 0.00011929997372153612 0.00011606630442984384 0.00011579659749300067 0.00011496642716959331 0.00011283000597526454 0.00011104282437394668 0.00010956723933162874 0.00010834373188510656 0.00010718379866840797 0.00010609254622807694 0.00010604196168984586 0.00010525988375565116 0.00010448175720827055 0.00010447811268526663 0.00010414540861626618 0.00010172061848039451 0.0001013623160298382 0.00010095342132407905 9.983136795349161e-05 9.970009270107865e-05 9.767912294592865e-05 9.754113278731541e-05 9.748322665383879e-05 9.696084338587127e-05 9.573395974999759e-05 9.09328427185748e-05 9.072281228885742e-05 9.058749970715127e-05 8.763215527812864e-05 8.686441642916207e-05 8.618987262566029e-05 8.613961720591024e-05 8.43065799849425e-05 8.350833714660713e-05 8.20748544774294e-05 8.134147671881288e-05 8.078293981609955e-05 7.95652759184048e-05 7.92554856804846e-05 7.849973831231796e-05 7.821321099839369e-05 7.763160230136304e-05 7.733213124833379e-05 7.727364685238575e-05 7.706981300021869e-05 7.647759577935934e-05 7.52667193944056e-05 7.477268053090362e-05 7.380300011591353e-05 7.299144571921865e-05 7.234059589497768e-05 7.190948828142467e-05 7.093784746842374e-05 6.993830284822487e-05 6.960788671935885e-05 6.911536449278745e-05 6.854877448575157e-05 6.83447180117081e-05 6.574537758758761e-05 6.41931094876752e-05 6.376772411252943e-05 6.364413360401755e-05 6.269659005771601e-05 6.26058796965108e-05 6.248681963432529e-05 5.943866230045589e-05 5.8886861097568655e-05 5.735811028046738e-05 5.6645804261573705e-05 5.5681923015719796e-05 5.5359599798059666e-05 5.530154936437536e-05 5.4968777425981236e-05 5.3326003437374006e-05 5.301332375661903e-05 5.245818934759648e-05 5.227585168030508e-05 5.205379664640433e-05 5.164713675573104e-05 5.0412350054052874e-05 5.034495540303136e-05 4.980050737143395e-05 4.9553027906849294e-05 4.896252567032824e-05 4.7124993462748324e-05 4.6334404731722624e-05 4.5916968941669675e-05 4.584307116433775e-05 4.531736273074849e-05 4.462229316208084e-05 4.460364128876366e-05 4.4126920280224724e-05 4.318313137288502e-05 4.281448015990783e-05 4.2792288695280924e-05 4.226079964031783e-05 4.126688503697066e-05 4.1213661406584436e-05 4.113266778012837e-05 4.108191650423783e-05 4.045311114798295e-05 4.0331882821630866e-05 3.99535172378966e-05 3.969869760638544e-05 3.952189413001933e-05 3.803436723875695e-05 3.754218815942372e-05 3.696934438574182e-05 3.654439723368224e-05 3.640747261496152e-05 3.589563568216788e-05 3.576397313256475e-05 3.55528753330662e-05 3.494650440788686e-05 3.386714890776915e-05 3.254433130117869e-05 3.208117043605508e-05 3.191297605878983e-05 3.144688398893995e-05 3.119155258423187e-05 3.0950225399759573e-05 3.061912200446457e-05 2.9905712145075294e-05 2.9885115943296958e-05 2.976663545763156e-05 2.957611047392233e-05 2.9459071070160963e-05 2.9254572846331695e-05 2.924099243141198e-05 2.876247616792871e-05 2.8347416019117408e-05 2.8207003830450923e-05 2.8154429168839273e-05 2.808412764291783e-05 2.7910272233927714e-05 2.753115017184245e-05 2.7524536655960314e-05 2.732064840338512e-05 2.726158850562907e-05 2.670461784430285e-05 2.6656773570610363e-05 2.6043973965577556e-05 2.519413762433865e-05 2.5102861209001907e-05 2.477141757502319e-05 2.4324152587167022e-05 2.4121613295283734e-05 2.3713733318033475e-05 2.3658853622437458e-05 2.3189987453006994e-05 2.3122534832311952e-05 2.3013633287210708e-05 2.279345759550173e-05 2.2752874939923983e-05 2.274284626143275e-05 2.228656818146353e-05 2.18705690632385e-05 2.1856775735023078e-05 2.1758963002726702e-05 2.150891126246381e-05 2.1253213682685097e-05 2.1183318439720323e-05 2.0830503840070795e-05 2.0552771474935858e-05 2.016456266342467e-05 1.9224339386578927e-05 1.9063915184764672e-05 1.8918682226028902e-05 1.888838488357436e-05 1.8870873577535316e-05 1.846057256447316e-05 1.8306297093935625e-05 1.8243151499567463e-05 1.807194021903089e-05 1.804900974478318e-05 1.7341700063685606e-05 1.731034838609214e-05 1.72868465345833e-05 1.7188881311341876e-05 1.714592053089106e-05 1.7094109885548952e-05 1.6939774929291467e-05 1.6786209818216957e-05 1.6684218732538475e-05 1.6641150793556765e-05 1.6504605951874286e-05 1.6357285634529937e-05 1.6331314353474932e-05 1.5850841233612235e-05 1.526507018754681e-05 1.5187657200082643e-05 1.5040748217389344e-05 1.4964665045047404e-05 1.4862387379207673e-05 1.420393488820042e-05 1.4184226773261502e-05 1.4127026152818711e-05 1.3803393526755041e-05 1.3034186131612574e-05 1.2960934451095835e-05 1.2789411384532716e-05 1.2591164945785416e-05 1.2553520606878313e-05 1.2486386464285824e-05 1.205112801532982e-05 1.194425843746379e-05 1.1943228396252253e-05 1.1796372775447519e-05 1.1557474221022246e-05 1.1542617269769084e-05 1.1430355797520753e-05 1.1282836986404307e-05 1.1133678756087976e-05 1.112152182477111e-05 1.1079955079926621e-05 1.1029815527040239e-05 1.0687927452862645e-05 1.0670855106341893e-05 1.0620102165568359e-05 1.0593722376186012e-05 1.0578873625414975e-05 1.0526517819638473e-05 1.0392943209931523e-05 1.0176178435248245e-05 1.0104162633600077e-05 1.0099528801689387e-05 9.899493657510843e-06 9.861711274445064e-06 9.792629634283497e-06 9.762184205580667e-06 9.561440932869663e-06 9.452874604095027e-06 9.429075281928258e-06 9.315429536771904e-06 9.287106686145184e-06 9.220846444683536e-06 9.13657618381366e-06 9.01164726233498e-06 8.976674493722129e-06 8.931166097892369e-06 8.88233498141362e-06 8.843935133564422e-06 8.810151339883419e-06 8.788928969105585e-06 8.706679030084598e-06 8.621475599295926e-06 8.541486755194636e-06 8.389413605481596e-06 8.370295042686977e-06 8.347419826854665e-06 8.224751830808194e-06 8.131678320549743e-06 8.036306936432404e-06 7.978256848097406e-06 7.946547486544893e-06 7.743911366551738e-06 7.732960942945045e-06 7.481728670567285e-06 7.468687691979075e-06 7.4255140422846516e-06 7.421603781721231e-06 7.354574592615293e-06 7.279870068440464e-06 7.203788161587192e-06 7.1676642354850856e-06 7.003995882060448e-06 6.8416377486300485e-06 6.818764618637243e-06 6.769379580150778e-06 6.74949765117567e-06 6.66935399734137e-06 6.6050053743149706e-06 6.555930516944368e-06 6.450776986772913e-06 6.447611109322556e-06 6.3523896746959705e-06 6.299326034135481e-06 6.293566198753629e-06 6.215809249737517e-06 6.208315953607652e-06 6.119141220852116e-06 6.094411418944462e-06 5.9937869372152595e-06 5.955321985160098e-06 5.770545656595137e-06 5.581413871390062e-06 5.480928270026527e-06 5.389040272232312e-06 5.365282669464527e-06 5.297459643151235e-06 5.08999291318707e-06 4.860652607229748e-06 4.733192168891201e-06 4.686861692127216e-06 4.6719291012902635e-06 4.5893067884881314e-06 4.562929808393019e-06 4.530343050502096e-06 4.52184671463558e-06 4.5060906459583345e-06 4.444200781186263e-06 4.323850604417714e-06 4.292872805134381e-06 4.2472035306689354e-06 4.245353463690407e-06 4.1674663858240706e-06 4.148059982627642e-06 4.142194431654578e-06 4.133772543092625e-06 4.09756883770881e-06 4.058964631207781e-06 4.0486913675908694e-06 3.999124385280407e-06 3.965969089588655e-06 3.9639556501640435e-06 3.940673159777333e-06 3.85764774282633e-06 3.824419849197602e-06 3.7537670522711914e-06 3.7519818642319533e-06 3.6195004327497107e-06 3.4786085325309796e-06 3.37535628299898e-06 3.289188410930843e-06 3.279225399745983e-06 3.2380555900776344e-06 3.2138812125035025e-06 3.164534362271243e-06 3.13229967179855e-06 3.1262155999120975e-06 3.0621561385677306e-06 2.9823955161765135e-06 2.9677909226183405e-06 2.922724619376773e-06 2.8397962651175214e-06 2.8321512130962807e-06 2.829597876243821e-06 2.8086884950537427e-06 2.7436672746471283e-06 2.717880211047787e-06 2.7010315073512744e-06 2.689153504814951e-06 2.623877365463619e-06 2.5980643838795707e-06 2.592791398349752e-06 2.5787552647826226e-06 2.5622547535018066e-06 2.561564174920986e-06 2.5613852205276637e-06 2.5568665416063287e-06 2.5342771281934853e-06 2.5153444921696657e-06 2.4960187605159597e-06 2.4923344451253873e-06 2.4657427853434376e-06 2.4070584579161358e-06 2.383722564175228e-06 2.2576247988810275e-06 2.2530296422336007e-06 2.244384708251499e-06 2.2209923180767796e-06 2.163661622208339e-06 2.1601527705949907e-06 2.1328392365688273e-06 2.054629697020278e-06 2.032137182342039e-06 2.0136450493036722e-06 1.9367030246007894e-06 1.928386111775421e-06 1.9074647232553677e-06 1.882069173190941e-06 1.8655540508453056e-06 1.8258594141762844e-06 1.8067336677419679e-06 1.801433486428813e-06 1.7979559719447946e-06 1.7547477614246638e-06 1.7491088653280618e-06 1.7000412223760456e-06 1.672338891411806e-06 1.6707443546966932e-06 1.6387653114626853e-06 1.6362156242312426e-06 1.5829277913069614e-06 1.5640323404879492e-06 1.5606887473356462e-06 1.5237914647575457e-06 1.5016204215930122e-06 1.4272720584282988e-06 1.409374836232008e-06 1.387929241786379e-06 1.3747686341767492e-06 1.370475716594987e-06 1.3624182950491496e-06 1.3391395484239655e-06 1.329675613046721e-06 1.3266745143670533e-06 1.3103457827487452e-06 1.301006363840084e-06 1.2722768955853762e-06 1.2496769753984207e-06 1.2307988393630373e-06 1.203389731230054e-06 1.1825397923902893e-06 1.1780253500879415e-06 1.0831076640023794e-06 1.0719529686672368e-06 1.0348973553680215e-06 1.010838910684732e-06 1.0087585171563432e-06 9.858331503647588e-07 9.850592635513217e-07 9.441379035674232e-07 9.297630054954705e-07 9.265159401525526e-07 9.245279363836842e-07 9.244661442281906e-07 9.164880422423968e-07 8.990604161367712e-07 8.954975163658829e-07 8.836876028622664e-07 8.747697482328228e-07 8.422994351045843e-07 8.415036650082784e-07 8.339705672063583e-07 8.174110048982271e-07 8.161380531693501e-07 8.127711669283374e-07 8.04103141350417e-07 8.009131182646942e-07 7.982898615180787e-07 7.883320012078839e-07 7.850425911950629e-07 7.784621003369834e-07 7.777456928999986e-07 7.687825146936905e-07 7.553821560590871e-07 7.038018334270412e-07 7.036543837425118e-07 6.86999232626572e-07 6.851065878035838e-07 6.314215154373013e-07 6.247637925248551e-07 6.232406110554288e-07 6.085579606115558e-07 6.077454154225466e-07 5.837576442597318e-07 5.736324860360208e-07 5.715046026645801e-07 5.69452083465407e-07 5.661922349559116e-07 5.62119222340375e-07 5.619387990929643e-07 5.45282589799382e-07 5.391186593186827e-07 5.37880643042046e-07 5.376818433219601e-07 5.181798287233757e-07 4.871384214843993e-07 4.2986505477107816e-07 4.2983324133806385e-07 4.135097561394617e-07 4.1155763218322344e-07 3.890471137277557e-07 3.586725767821587e-07 3.5402475647048925e-07 3.4905097102414345e-07 3.480970978269664e-07 3.350029835097049e-07 3.3479697074855147e-07 3.3202858715646456e-07 3.134136743403572e-07 3.072893266331425e-07 3.03679075717748e-07 2.992381904811569e-07 2.9292847211780797e-07 2.926304918199144e-07 2.8123317879963465e-07 2.7970600657219175e-07 2.764948266610724e-07 2.761964082074434e-07 2.718360016029233e-07 2.673232257446789e-07 2.6487533135432254e-07 2.634874914699075e-07 2.6103501074214773e-07 2.604361295795478e-07 2.598585780357286e-07 2.5238531047209093e-07 2.419764156038483e-07 2.360052643385158e-07 2.3443399634196203e-07 2.3380388272827934e-07 2.2749222847247057e-07 2.1720285322544074e-07 2.1688843947277187e-07 2.1503394602135818e-07 2.146433238604827e-07 1.9110128483477557e-07 1.8983250043827487e-07 1.8862710944569512e-07 1.5866688438795563e-07 1.578421000221281e-07 1.4890894296151644e-07 1.4675687967520832e-07 1.4315212841774725e-07 1.4313656292030238e-07 1.4260072211122466e-07 1.4244821216923007e-07 1.2750062257365746e-07 1.269300215959509e-07 1.206826916729539e-07 1.1904492195613144e-07 1.164908582093305e-07 1.1604687421781746e-07 1.0429750089396946e-07 1.0307807059144767e-07 1.0174059390604113e-07 1.0146025388452476e-07 9.515153277422803e-08 9.283710556887708e-08 9.223564547912038e-08 9.215136374599196e-08 8.866212219624206e-08 8.058780036276218e-08 7.976985530369605e-08 7.954721900309116e-08 7.946918563438837e-08 7.929689257490155e-08 7.846257233670296e-08 6.416945002878602e-08 6.300149819611681e-08 6.278841953876858e-08 6.277917898565158e-08 6.259552724178269e-08 5.23977020695959e-08 4.888817627070117e-08 4.88774630218772e-08 3.639504460107029e-08 3.5471301553168757e-08 3.270090837483668e-08 3.186154543708283e-08 3.0325889871554595e-08 3.028315040925732e-08 2.470020834553757e-08 2.4261129128540253e-08 2.3600299784664812e-08 2.356117810506951e-08 1.964024330047822e-08 1.944029233889355e-08 1.3145216546694975e-08 1.3108443530432949e-08 8.320402025161928e-09 8.310674512457173e-09 8.308801475059437e-09 8.30209123741545e-09 1.90206307381751e-09 0.0 0.0 0.0 0.0 0.0 0.0 0.0 0.0 0.0 0.0 0.0 0.0 0.0 0.0 0.0 0.0 0.0 0.0 0.0 0.0 0.0 0.0 0.0 0.0 0.0 0.0 0.0 0.0 0.0 0.0 0.0 0.0 0.0 0.0 0.0 0.0 0.0 0.0 0.0 0.0 0.0 0.0 0.0 0.0 0.0 0.0 0.0 0.0 0.0 0.0 0.0 0.0 0.0 0.0 0.0 0.0 0.0 0.0 0.0 0.0 0.0 0.0 0.0 0.0 0.0 0.0 0.0 0.0 0.0 0.0 0.0 0.0 0.0 0.0 0.0 0.0 0.0 0.0 0.0 0.0 0.0 0.0 0.0 0.0 0.0 0.0 0.0 0.0 0.0 0.0 0.0 0.0 0.0 0.0 0.0 0.0 0.0 0.0 0.0 0.0 0.0 0.0 0.0 0.0 0.0 0.0 0.0 0.0 0.0 0.0 0.0 0.0 0.0 0.0 0.0 0.0 0.0 0.0 0.0 0.0
## eigenvalues of T0123v imag 0.0 0.0 0.0 0.0 0.0 0.0 0.0 0.0 0.0 0.0 0.0 0.0 0.0 0.0 0.0 0.0 0.0 0.0 0.0 0.0 0.0 0.0 0.0 0.0 0.0 0.0 0.0 0.0 0.0 0.0 0.0 0.0 0.0 0.0 0.0 0.0 0.0 0.0 0.0 0.0 0.0 0.0 0.0 0.0 0.0 0.0 0.0 0.0 0.0 0.0 0.0 0.0 0.0 0.0 0.0 0.0 0.0 0.0 0.0 0.0 0.0 0.0 0.0 0.0 0.0 0.0 0.0 0.0 0.0 0.0 0.0 0.0 0.0 0.0 0.0 0.0 0.0 0.0 0.0 0.0 0.0 0.0 0.0 0.0 0.0 0.0 0.0 0.0 0.0 0.0 0.0 0.0 0.0 0.0 0.0 0.0 0.0 0.0 0.0 0.0 0.0 0.0 0.0 0.0 0.0 0.0 0.0 0.0 0.0 0.0 0.0 0.0 0.0 0.0 0.0 0.0 0.0 0.0 0.0 0.0 0.0 0.0 0.0 0.0 0.0 0.0 0.0 0.0 0.0 0.0 0.0 0.0 0.0 0.0 0.0 0.0 0.0 0.0 0.0 0.0 0.0 0.0 0.0 0.0 0.0 0.0 0.0 0.0 0.0 0.0 0.0 0.0 0.0 0.0 0.0 0.0 0.0 0.0 0.0 0.0 0.0 0.0 0.0 0.0 0.0 0.0 0.0 0.0 0.0 0.0 0.0 0.0 0.0 0.0 0.0 0.0 0.0 0.0 0.0 0.0 0.0 0.0 0.0 0.0 0.0 0.0 0.0 0.0 0.0 0.0 0.0 0.0 0.0 0.0 0.0 0.0 0.0 0.0 0.0 0.0 0.0 0.0 0.0 0.0 0.0 0.0 0.0 0.0 0.0 0.0 0.0 0.0 0.0 0.0 0.0 0.0 0.0 0.0 0.0 0.0 0.0 0.0 0.0 0.0 0.0 0.0 0.0 0.0 0.0 0.0 0.0 0.0 0.0 0.0 0.0 0.0 0.0 0.0 0.0 0.0 0.0 0.0 0.0 0.0 0.0 0.0 0.0 0.0 0.0 0.0 0.0 0.0 0.0 0.0 0.0 0.0 0.0 0.0 0.0 0.0 0.0 0.0 0.0 0.0 0.0 0.0 0.0 0.0 0.0 0.0 0.0 0.0 0.0 0.0 0.0 0.0 0.0 0.0 0.0 0.0 0.0 0.0 0.0 0.0 0.0 0.0 0.0 0.0 0.0 0.0 0.0 0.0 0.0 0.0 0.0 0.0 0.0 0.0 0.0 0.0 0.0 0.0 0.0 0.0 0.0 0.0 0.0 0.0 0.0 0.0 0.0 0.0 0.0 0.0 0.0 0.0 0.0 0.0 0.0 0.0 0.0 0.0 0.0 0.0 0.0 0.0 0.0 0.0 0.0 0.0 0.0 0.0 0.0 0.0 0.0 0.0 0.0 0.0 0.0 0.0 0.0 0.0 0.0 0.0 0.0 0.0 0.0 0.0 0.0 0.0 0.0 0.0 0.0 0.0 0.0 0.0 0.0 0.0 0.0 0.0 0.0 0.0 0.0 0.0 0.0 0.0 0.0 0.0 0.0 0.0 0.0 0.0 0.0 0.0 0.0 0.0 0.0 0.0 0.0 0.0 0.0 0.0 0.0 0.0 0.0 0.0 0.0 0.0 0.0 0.0 0.0 0.0 0.0 0.0 0.0 0.0 0.0 0.0 0.0 0.0 0.0 0.0 0.0 0.0 0.0 0.0 0.0 0.0 0.0 0.0 0.0 0.0 0.0 0.0 0.0 0.0 0.0 0.0 0.0 0.0 0.0 0.0 0.0 0.0 0.0 0.0 0.0 0.0 0.0 0.0 0.0 0.0 0.0 0.0 0.0 0.0 0.0 0.0 0.0 0.0 0.0 0.0 0.0 0.0 0.0 0.0 0.0 0.0 0.0 0.0 0.0 0.0 0.0 0.0 0.0 0.0 0.0 0.0 0.0 0.0 0.0 0.0 0.0 0.0 0.0 0.0 0.0 0.0 0.0 0.0 0.0 0.0 0.0 0.0 0.0 0.0 0.0 0.0 0.0 0.0 0.0 0.0 0.0 0.0 0.0 0.0 0.0 0.0 0.0 0.0 0.0 0.0 0.0 0.0 0.0 0.0 0.0 0.0 0.0 0.0 0.0 0.0 0.0 0.0 0.0 0.0 0.0 0.0 0.0 0.0 0.0 0.0 0.0 0.0 0.0 0.0 0.0 0.0 0.0 0.0 0.0 0.0 0.0 0.0 0.0 0.0 0.0 0.0 0.0 0.0 0.0 0.0 0.0 0.0 0.0 0.0 0.0 0.0 0.0 0.0 0.0 0.0 0.0 0.0 0.0 0.0 0.0 0.0 0.0 0.0 0.0 0.0 0.0 0.0 0.0 0.0 0.0 0.0 0.0 0.0 0.0 0.0 0.0 0.0 0.0 0.0 0.0 0.0 0.0 0.0 0.0 0.0 0.0 0.0 0.0 0.0 0.0 0.0 0.0 0.0 0.0 0.0 0.0 0.0 0.0 0.0 0.0 0.0 0.0 0.0 0.0 0.0 0.0 0.0 0.0 0.0 0.0 0.0 0.0 0.0 0.0 0.0 0.0 0.0 0.0 0.0 0.0 0.0 0.0 0.0 0.0 0.0 0.0 0.0 0.0 0.0 0.0 0.0 0.0 0.0 0.0 0.0 0.0 0.0 0.0 0.0 0.0 0.0 0.0 0.0 0.0 0.0 0.0 0.0 0.0 0.0 0.0 0.0 0.0 0.0 0.0 0.0 0.0 0.0 0.0 0.0 0.0 0.0 0.0 0.0 0.0 0.0 0.0 0.0 0.0 0.0 0.0 0.0 0.0 0.0 0.0 0.0 0.0 0.0 0.0 0.0 0.0 0.0 0.0 0.0 0.0 0.0 0.0 0.0 0.0 0.0 0.0 0.0 0.0 0.0 0.0 0.0 0.0 0.0 0.0 0.0 0.0 0.0 0.0 0.0 0.0 0.0 0.0 0.0 0.0 0.0 0.0 0.0 0.0 0.0 0.0 0.0 0.0 0.0 0.0 0.0 0.0 0.0 0.0 0.0 0.0 0.0 0.0 0.0 0.0 0.0 0.0 0.0 0.0 0.0 0.0 0.0 0.0 0.0 0.0 0.0 0.0 0.0 0.0 0.0 0.0 0.0 0.0 0.0 0.0 0.0 0.0 0.0 0.0 0.0 0.0 0.0 0.0 0.0 0.0 0.0 0.0 0.0 0.0 0.0 0.0 0.0 0.0 0.0 0.0 0.0 0.0 0.0 0.0 0.0 0.0 0.0 0.0 0.0 0.0 0.0 0.0 0.0 0.0 0.0 0.0 0.0 0.0 0.0 0.0 0.0 0.0 0.0 0.0 0.0 0.0 0.0 0.0 0.0 0.0 0.0 0.0 0.0 0.0 0.0 0.0 0.0 0.0 0.0 0.0 0.0 0.0 0.0 0.0 0.0 0.0 0.0 0.0 0.0 0.0 0.0 0.0 0.0 0.0 0.0 0.0 0.0 0.0 0.0 0.0 0.0 0.0 0.0 0.0 0.0 0.0 0.0 0.0 0.0 0.0 0.0 0.0 0.0 0.0 0.0 0.0 0.0 0.0 0.0 0.0 0.0 0.0 0.0 0.0 0.0 0.0 0.0 0.0 0.0 0.0 0.0 0.0 0.0 0.0 0.0 0.0 0.0 0.0 0.0 0.0 0.0 0.0 0.0 0.0 0.0 0.0 0.0 0.0 0.0 0.0 0.0 0.0 0.0 0.0 0.0 0.0 0.0 0.0 0.0 0.0 0.0 0.0 0.0 0.0 0.0 0.0 0.0 0.0 0.0 0.0 0.0 0.0 0.0 0.0 0.0 0.0 0.0 0.0 0.0 0.0 0.0 0.0 0.0 0.0 0.0 0.0 0.0 0.0 0.0 0.0 0.0 0.0 0.0 0.0 0.0 0.0 0.0 0.0 0.0 0.0 0.0 0.0 0.0 0.0 0.0 0.0 0.0 0.0 0.0 0.0 0.0 0.0 0.0 0.0 0.0 0.0 0.0 0.0 0.0 0.0 0.0 0.0 0.0 0.0 0.0 0.0 0.0 0.0 0.0 0.0 0.0 0.0 0.0 0.0 0.0 0.0 0.0 0.0 0.0 0.0 0.0 0.0 0.0 0.0 0.0 0.0
## eigenvalues of T0123v imag max 0.0
## hx,i,norm,mx,my,mz,sqrt(sum m^2)  1.55 0 (1.1095203982537183+0j) 0.45969075607240867 0.0 -1.0782719282947494e-06 0.4596907560736733
## hx,i,norm,mx,my,mz,sqrt(sum m^2)  1.55 1 (1.109520398253721+0j) 0.4596907560724086 0.0 -1.0782719267437652e-06 0.4596907560736732
## hx,num,norm_x,norm_y,xx[0],xx[1],yy[0],yy[1],zz[0],zz[1]  1.55 0 (1.1644897795145228+0j) (1.1644916261090414+0j) 0.21895614429841032 0.21895434057471053 -0.03487748195023648 -0.03487206306755804 0.054310300976257365 0.054305669786929904
## hx,num,norm_x,norm_y,xx[0],xx[1],yy[0],yy[1],zz[0],zz[1]  1.55 1 (1.1644910046455919+0j) (1.1644917035914806+0j) 0.21895516116901778 0.21895460714994014 -0.034874626229853836 -0.03487282774384553 0.05430767223166878 0.05430639510841291
1.55 -0.8211356909638678 0.45969075607367327 -0.05430898660396308 -0.054306032447671404
## hx,mx,mz0mz1 1.55 0.4596907560724086 0.05430750952581724
## time simple update= 2.14576721191e-06
## time full update= 9.53674316406e-07
## time environment= 5.78750395775
## time observable= 0.12146115303
