## Logs: seed = 11
## Logs: Jxy = 0.0
## Logs: Jz = -1.0
## Logs: hx = 1.55
## Logs: tau = 0.0128
## Logs: tau_step = 0
## Logs: tau_full = 0.01
## Logs: tau_full_step = 0
## Logs: second_ST = True
## Logs: initial_type = -1
## Logs: input_file = input_Tn.npz
## Logs: output_file = output
### CTM: count to convergence, sig_max =  7 8.105777607913821e-07
## np.allclose(T0123h,T0123h.T,rtol=1e-6,atol=1e-6) False
## eigenvalues of T0123h abs 1.0627575515802368 0.3849825653418002 0.2548855737942294 0.1254932503620217 0.10327747480580604 0.0913460508979083 0.049445894094867215 0.042409904426947746 0.03455915775647846 0.031076494479085455 0.02174199379100318 0.020801153018527956 0.0196550002585722 0.013244881300978117 0.012250670400627483 0.011646958470825029 0.006922426643376007 0.0067130058391715024 0.005966300637613838 0.00594762689304688 0.005410595799850688 0.004866851621313625 0.004426084401047928 0.0028724626569654223 0.0028163687199529316 0.00269857157706594 0.0026212406266600367 0.0020440147328334136 0.0016677424071857708 0.0014977321986957767 0.0013630964235102317 0.0012837224967424952 0.001236292120146277 0.0011678203057268659 0.0011475960021253369 0.0011128262102072697 0.0010170632829649233 0.0009590313653479514 0.0009092106414475083 0.0007897793115283773 0.0006458257035782502 0.0005434092943515254 0.0003846364631577985 0.00037878104880725437 0.0003248954867470337 0.0002810882393785829 0.0002694441496970447 0.0002561446618567431 0.00025117274316103046 0.00024406178305310414 0.00020361418212754386 0.00019889199196310059 0.00018643998820169148 0.00018304443582934426 0.00016045896034636557 0.00012852239075490863 0.00011475980638553939 0.00011416054620760262 9.172881034511481e-05 9.168111988643336e-05 5.918875048489352e-05 5.231294884560735e-05 4.478570444640448e-05 4.318047450487433e-05 4.174381259609731e-05 3.736476204695124e-05 3.716502788771416e-05 3.7095385812458536e-05 2.2847416492462697e-05 2.219896493750028e-05 1.998407889865548e-05 1.9025226767421635e-05 9.833634573839436e-06 8.502241673691903e-06 7.812536816373026e-06 7.044462014111515e-06 4.4962262898407075e-06 3.89100519311403e-06 3.762405039417599e-06 3.5134136069054034e-06 1.7784822468247274e-06
## eigenvalues of T0123h real 1.0627575515802368 0.3849825653418002 0.2548855737942294 0.1254932503620217 0.10327747480580604 0.0913460508979083 0.049445894094867215 0.042409904426947746 0.03455915775647846 0.031076494479085455 0.02174199379100318 0.020801153018527956 0.0196550002585722 0.013244881300978117 0.012250670400627483 0.011646958470825029 0.006922426643376007 0.0067130058391715024 0.005966300637613838 0.00594762689304688 0.005410595799850688 0.004866851621313625 0.004426084401047928 0.0028724626569654223 0.0028163687199529316 0.00269857157706594 0.0026212406266600367 0.0020440147328334136 0.0016677424071857708 0.0014977321986957767 0.0013630964235102317 0.0012837224967424952 0.001236292120146277 0.0011678203057268659 0.0011475960021253369 0.0011128262102072697 0.0010170632829649233 0.0009590313653479514 0.0009092106414475083 0.0007897793115283773 0.0006458257035782502 0.0005434092943515254 0.0003846364631577985 0.00037878104880725437 0.0003248954867470337 0.0002810882393785829 0.0002694441496970447 0.0002561446618567431 0.00025117274316103046 0.00024406178305310414 0.00020361418212754386 0.00019889199196310059 0.00018643998820169148 0.00018304443582934426 0.00016045896034636557 0.00012852239075490863 0.00011475980638553939 0.00011416054620760262 9.172881034511481e-05 9.168111988643336e-05 5.918875048489352e-05 5.231294884560735e-05 4.478570444640448e-05 4.318047450487433e-05 4.174381259609731e-05 3.736476204695124e-05 3.716502788771416e-05 3.7095385812458536e-05 2.2847416492462697e-05 2.219896493750028e-05 1.998407889865548e-05 1.9025226767421635e-05 9.833634573839436e-06 8.502241673691903e-06 7.812536816373026e-06 7.044462014111515e-06 4.4962262898407075e-06 3.89100519311403e-06 3.762405039417599e-06 3.5134136069054034e-06 1.7784822468247274e-06
## eigenvalues of T0123h imag 0.0 0.0 0.0 0.0 0.0 0.0 0.0 0.0 0.0 0.0 0.0 0.0 0.0 0.0 0.0 0.0 0.0 0.0 0.0 0.0 0.0 0.0 0.0 0.0 0.0 0.0 0.0 0.0 0.0 0.0 0.0 0.0 0.0 0.0 0.0 0.0 0.0 0.0 0.0 0.0 0.0 0.0 0.0 0.0 0.0 0.0 0.0 0.0 0.0 0.0 0.0 0.0 0.0 0.0 0.0 0.0 0.0 0.0 0.0 0.0 0.0 0.0 0.0 0.0 0.0 0.0 0.0 0.0 0.0 0.0 0.0 0.0 0.0 0.0 0.0 0.0 0.0 0.0 0.0 0.0 0.0
## eigenvalues of T0123h imag max 0.0
## np.allclose(T0123v,T0123v.T,rtol=1e-6,atol=1e-6) False
## eigenvalues of T0123v abs 1.062759876088458 0.3849881592043042 0.2548911094310464 0.1254974948695006 0.10328325361173366 0.09134914977467241 0.049448484691758346 0.042413783094149365 0.03456102662575258 0.03107809051422433 0.021745727544993633 0.020802981631201103 0.019656703764265936 0.013247810709472048 0.012251703287256652 0.01164794175096958 0.006922945412651891 0.006713644018475516 0.005967039573291479 0.005948291859755748 0.0054115900590489445 0.004867870898985111 0.00442674660771439 0.002873136336965629 0.0028169956352812413 0.0026988682454057683 0.0026218727516923498 0.0020444588708252638 0.0016689415328024317 0.0014979301793002222 0.0013634118045622223 0.0012853713614761552 0.001237126133483615 0.0011681152078822736 0.001147740347311191 0.0011131245705925227 0.001017337936999724 0.000959215817942047 0.0009093876393034556 0.0007899490795103664 0.0006459728861540979 0.0005435486104120709 0.00038512725554375844 0.0003792688112372199 0.00032498279647390617 0.0002811980401206507 0.00026951774777997096 0.0002562167500797322 0.0002512398579868642 0.00024412848743081766 0.00020367369769238683 0.00019892473826703296 0.00018649284902738742 0.00018309581384864398 0.00016050770649889042 0.00012856561452877682 0.00011490901336348674 0.00011430953348007897 9.185109576307457e-05 9.180130739707635e-05 5.921367278739919e-05 5.233479791963804e-05 4.4804623701550604e-05 4.319394598691746e-05 4.175760159182066e-05 3.737620335525585e-05 3.717716220356684e-05 3.711177794150079e-05 2.288079725357208e-05 2.2231409804023216e-05 2.0010749740175982e-05 1.905065242362424e-05 9.838001390774985e-06 8.506150488985657e-06 7.816250229616608e-06 7.0477819824198714e-06 4.502971195997462e-06 3.896835197977922e-06 3.7681152963617567e-06 3.5186666846595385e-06 1.7830267314382424e-06
## eigenvalues of T0123v real 1.062759876088458 0.3849881592043042 0.2548911094310464 0.1254974948695006 0.10328325361173366 0.09134914977467241 0.049448484691758346 0.042413783094149365 0.03456102662575258 0.03107809051422433 0.021745727544993633 0.020802981631201103 0.019656703764265936 0.013247810709472048 0.012251703287256652 0.01164794175096958 0.006922945412651891 0.006713644018475516 0.005967039573291479 0.005948291859755748 0.0054115900590489445 0.004867870898985111 0.00442674660771439 0.002873136336965629 0.0028169956352812413 0.0026988682454057683 0.0026218727516923498 0.0020444588708252638 0.0016689415328024317 0.0014979301793002222 0.0013634118045622223 0.0012853713614761552 0.001237126133483615 0.0011681152078822736 0.001147740347311191 0.0011131245705925227 0.001017337936999724 0.000959215817942047 0.0009093876393034556 0.0007899490795103664 0.0006459728861540979 0.0005435486104120709 0.00038512725554375844 0.0003792688112372199 0.00032498279647390617 0.0002811980401206507 0.00026951774777997096 0.0002562167500797322 0.0002512398579868642 0.00024412848743081766 0.00020367369769238683 0.00019892473826703296 0.00018649284902738742 0.00018309581384864398 0.00016050770649889042 0.00012856561452877682 0.00011490901336348674 0.00011430953348007897 9.185109576307457e-05 9.180130739707635e-05 5.921367278739919e-05 5.233479791963804e-05 4.4804623701550604e-05 4.319394598691746e-05 4.175760159182066e-05 3.737620335525585e-05 3.717716220356684e-05 3.711177794150079e-05 2.288079725357208e-05 2.2231409804023216e-05 2.0010749740175982e-05 1.905065242362424e-05 9.838001390774985e-06 8.506150488985657e-06 7.816250229616608e-06 7.0477819824198714e-06 4.502971195997462e-06 3.896835197977922e-06 3.7681152963617567e-06 3.5186666846595385e-06 1.7830267314382424e-06
## eigenvalues of T0123v imag 0.0 0.0 0.0 0.0 0.0 0.0 0.0 0.0 0.0 0.0 0.0 0.0 0.0 0.0 0.0 0.0 0.0 0.0 0.0 0.0 0.0 0.0 0.0 0.0 0.0 0.0 0.0 0.0 0.0 0.0 0.0 0.0 0.0 0.0 0.0 0.0 0.0 0.0 0.0 0.0 0.0 0.0 0.0 0.0 0.0 0.0 0.0 0.0 0.0 0.0 0.0 0.0 0.0 0.0 0.0 0.0 0.0 0.0 0.0 0.0 0.0 0.0 0.0 0.0 0.0 0.0 0.0 0.0 0.0 0.0 0.0 0.0 0.0 0.0 0.0 0.0 0.0 0.0 0.0 0.0 0.0
## eigenvalues of T0123v imag max 0.0
## hx,i,norm,mx,my,mz,sqrt(sum m^2)  1.55 0 (1.1095148665168406+0j) 0.4596909419567341 0.0 -1.0772765958589288e-06 0.45969094195799637
## hx,i,norm,mx,my,mz,sqrt(sum m^2)  1.55 1 (1.1095148665168422+0j) 0.45969094195673416 0.0 -1.0772765938576509e-06 0.4596909419579964
## hx,num,norm_x,norm_y,xx[0],xx[1],yy[0],yy[1],zz[0],zz[1]  1.55 0 (1.164482764100559+0j) (1.1644846118883514+0j) 0.21895555137235828 0.2189537475421824 -0.03487680464410022 -0.03487138570321846 0.054309940123664385 0.054305308977708404
## hx,num,norm_x,norm_y,xx[0],xx[1],yy[0],yy[1],zz[0],zz[1]  1.55 1 (1.1644839892207892+0j) (1.1644846884385243+0j) 0.2189545682482722 0.21895401401520814 -0.03487394890379889 -0.0348721503406737 0.05430731133269334 0.05430603427583513
1.55 -0.8211352573878885 0.4596909419579964 -0.054308625728178864 -0.054305671626771766
## hx,mx,mz0mz1 1.55 0.4596909419567341 0.05430714867747531
## time simple update= 9.53674316406e-07
## time full update= 0.0
## time environment= 0.328771829605
## time observable= 0.0140781402588
