## Logs: seed = 11
## Logs: Jxy = 0.0
## Logs: Jz = -1.0
## Logs: hx = 1.55
## Logs: tau = 0.0128
## Logs: tau_step = 0
## Logs: tau_full = 0.01
## Logs: tau_full_step = 0
## Logs: second_ST = True
## Logs: initial_type = -1
## Logs: input_file = input_Tn.npz
## Logs: output_file = output
### CTM: count to convergence, sig_max =  7 8.630527092862015e-07
## np.allclose(T0123h,T0123h.T,rtol=1e-6,atol=1e-6) False
## eigenvalues of T0123h abs 1.0627592355686526 0.38908601362977374 0.2628608858074211 0.13008182506938526 0.1254256757649832 0.10218685324405274 0.08721688747407001 0.051482415477525495 0.05071412242640718 0.0502612385796485 0.0405212087546691 0.03186226112668561 0.030537190167473943 0.028413278516332924 0.02182316563874145 0.019107227699947348 0.01648282282171795 0.016122579468345402 0.016038172656810533 0.0156276443774866 0.01327678713024251 0.01327367641820547 0.00955386282760316 0.00917940936383664 0.009073529033410256 0.00800804282479909 0.0077191914078384135 0.005838996682842596 0.005730058657824001 0.005398786441253437 0.005292632649214385 0.005258080976887769 0.004747641848681799 0.004298379371430795 0.0039728100620956466 0.003807464594798914 0.003637869661021056 0.003388738033092329 0.003378253274862458 0.0033290328908199716 0.003022371230555553 0.0029747412248143715 0.0024517282459958598 0.0024393782702889027 0.001975814366959425 0.0016965792727056395 0.0016766810003870374 0.0016196688276151206 0.0015169685768281602 0.0015091801289052007 0.0014563782859390384 0.0013744661600106124 0.0013440578762615872 0.0013247473648762226 0.0013238848628931935 0.0012620714066941226 0.0011487267938242323 0.0010641492117835502 0.0010496077192099942 0.00104129599488765 0.0009914062982942424 0.000986249451028949 0.000981573721940735 0.000781628108881743 0.000769394890519889 0.0007690703020034557 0.0007562355469401536 0.0006813574853657431 0.000642145881607901 0.0005919726229306115 0.0005720969379366933 0.0005424006833856414 0.0005342448200283692 0.000488619907095345 0.00046425590424334416 0.00041811327262582135 0.0003948598733803053 0.0003849413647086066 0.0003789782868648122 0.0003568178925364244 0.0003565081047813708 0.0003262211537264735 0.00031432567555301133 0.0003113466194603906 0.00028700869603442384 0.00028660947821910386 0.00027466058179427994 0.00026295354034626113 0.0002181421017100236 0.0002022472089836296 0.00018999905067532472 0.0001887879771359671 0.00018588299318603388 0.0001782940074814954 0.00017544705381714927 0.00016988581373449232 0.0001535618210796624 0.00013712830761398193 0.00013462273343425272 0.00013130753485828098 0.00013073540825855306 0.00012227413420737169 0.00011513306138367326 0.00011424144429685628 0.00011246143459084216 0.00010984886080599702 0.00010632544632468467 9.72430012134574e-05 8.510064597757863e-05 7.734504866871543e-05 7.562568781230918e-05 7.525417663340999e-05 7.495570950641143e-05 6.759956104676817e-05 6.311912610556452e-05 5.745079656503703e-05 5.432383120470425e-05 5.3800879052045666e-05 5.193094665443754e-05 5.046674727045149e-05 4.503984929533177e-05 4.346072221207667e-05 4.143239323326179e-05 4.1318754755717634e-05 4.076263012498241e-05 3.50506614674333e-05 3.327020872490258e-05 3.2700741416476656e-05 3.1906961291705e-05 3.11053165990292e-05 3.0618202361548346e-05 2.6940170594690443e-05 2.6783154701550938e-05 2.278199059937834e-05 2.2417964733940123e-05 2.149812567824552e-05 2.139674820500208e-05 2.1108741826284623e-05 1.7698515249132042e-05 1.683712684313656e-05 1.6758366265868066e-05 1.3201776842492199e-05 1.3195265331308892e-05 1.2776243870396568e-05 1.1637463975208862e-05 1.0417101404321845e-05 1.0260536570714714e-05 1.0257109773467634e-05 7.734088604862702e-06 7.710317993271588e-06 5.8623735089486956e-06 5.684770325193788e-06 4.923306741106062e-06 4.775846187927085e-06 4.570236325505122e-06 4.445380074447458e-06 3.4523979421797647e-06 3.434670768291271e-06 2.82477996175298e-06 2.790632009460231e-06 1.8290266897423362e-06 1.5093724672077773e-06 1.2297829601401868e-06 1.1484742070081836e-06 9.810744361834932e-07 9.442945130522734e-07 8.405559345525541e-07 7.645820283624056e-07 6.448912020308589e-07
## eigenvalues of T0123h real 1.0627592355686526 0.38908601362977374 0.2628608858074211 0.13008182506938526 0.1254256757649832 0.10218685324405274 0.08721688747407001 0.051482415477525495 0.05071412242640718 0.0502612385796485 0.0405212087546691 0.03186226112668561 0.030537190167473943 0.028413278516332924 0.02182316563874145 0.019107227699947348 0.01648282282171795 0.016122579468345402 0.016038172656810533 0.0156276443774866 0.01327678713024251 0.01327367641820547 0.00955386282760316 0.00917940936383664 0.009073529033410256 0.00800804282479909 0.0077191914078384135 0.005838996682842596 0.005730058657824001 0.005398786441253437 0.005292632649214385 0.005258080976887769 0.004747641848681799 0.004298379371430795 0.0039728100620956466 0.003807464594798914 0.003637869661021056 0.003388738033092329 0.003378253274862458 0.0033290328908199716 0.003022371230555553 0.0029747412248143715 0.0024517282459958598 0.0024393782702889027 0.001975814366959425 0.0016965792727056395 0.0016766810003870374 0.0016196688276151206 0.0015169685768281602 0.0015091801289052007 0.0014563782859390384 0.0013744661600106124 0.0013440578762615872 0.0013247473648762226 0.0013238848628931935 0.0012620714066941226 0.0011487267938242323 0.0010641492117835502 0.0010496077192099942 0.00104129599488765 0.0009914062982942424 0.000986249451028949 0.000981573721940735 0.000781628108881743 0.000769394890519889 0.0007690703020034557 0.0007562355469401536 0.0006813574853657431 0.000642145881607901 0.0005919726229306115 0.0005720969379366933 0.0005424006833856414 0.0005342448200283692 0.000488619907095345 0.00046425590424334416 0.00041811327262582135 0.0003948598733803053 0.0003849413647086066 0.0003789782868648122 0.0003568178925364244 0.0003565081047813708 0.0003262211537264735 0.00031432567555301133 0.0003113466194603906 0.00028700869603442384 0.00028660947821910386 0.00027466058179427994 0.00026295354034626113 0.0002181421017100236 0.0002022472089836296 0.00018999905067532472 0.0001887879771359671 0.00018588299318603388 0.0001782940074814954 0.00017544705381714927 0.00016988581373449232 0.0001535618210796624 0.00013712830761398193 0.00013462273343425272 0.00013130753485828098 0.00013073540825855306 0.00012227413420737169 0.00011513306138367326 0.00011424144429685628 0.00011246143459084216 0.00010984886080599702 0.00010632544632468467 9.72430012134574e-05 8.510064597757863e-05 7.734504866871543e-05 7.562568781230918e-05 7.525417663340999e-05 7.495570950641143e-05 6.759956104676817e-05 6.311912610556452e-05 5.745079656503703e-05 5.432383120470425e-05 5.3800879052045666e-05 5.193094665443754e-05 5.046674727045149e-05 4.503984929533177e-05 4.346072221207667e-05 4.143239323326179e-05 4.1318754755717634e-05 4.076263012498241e-05 3.50506614674333e-05 3.327020872490258e-05 3.2700741416476656e-05 3.1906961291705e-05 3.11053165990292e-05 3.0618202361548346e-05 2.6940170594690443e-05 2.6783154701550938e-05 2.278199059937834e-05 2.2417964733940123e-05 2.149812567824552e-05 2.139674820500208e-05 2.1108741826284623e-05 1.7698515249132042e-05 1.683712684313656e-05 1.6758366265868066e-05 1.3201776842492199e-05 1.3195265331308892e-05 1.2776243870396568e-05 1.1637463975208862e-05 1.0417101404321845e-05 1.0260536570714714e-05 1.0257109773467634e-05 7.734088604862702e-06 7.710317993271588e-06 5.8623735089486956e-06 5.684770325193788e-06 4.923306741106062e-06 4.775846187927085e-06 4.570236325505122e-06 4.445380074447458e-06 3.4523979421797647e-06 3.434670768291271e-06 2.82477996175298e-06 2.790632009460231e-06 1.8290266897423362e-06 1.5093724672077773e-06 1.2297829601401868e-06 1.1484742070081836e-06 9.810744361834932e-07 9.442945130522734e-07 8.405559345525541e-07 7.645820283624056e-07 6.448912020308589e-07
## eigenvalues of T0123h imag 0.0 0.0 0.0 0.0 0.0 0.0 0.0 0.0 0.0 0.0 0.0 0.0 0.0 0.0 0.0 0.0 0.0 0.0 0.0 0.0 0.0 0.0 0.0 0.0 0.0 0.0 0.0 0.0 0.0 0.0 0.0 0.0 0.0 0.0 0.0 0.0 0.0 0.0 0.0 0.0 0.0 0.0 0.0 0.0 0.0 0.0 0.0 0.0 0.0 0.0 0.0 0.0 0.0 0.0 0.0 0.0 0.0 0.0 0.0 0.0 0.0 0.0 0.0 0.0 0.0 0.0 0.0 0.0 0.0 0.0 0.0 0.0 0.0 0.0 0.0 0.0 0.0 0.0 0.0 0.0 0.0 0.0 0.0 0.0 0.0 0.0 0.0 0.0 0.0 0.0 0.0 0.0 0.0 0.0 0.0 0.0 0.0 0.0 0.0 0.0 0.0 0.0 0.0 0.0 0.0 0.0 0.0 0.0 0.0 0.0 0.0 0.0 0.0 0.0 0.0 0.0 0.0 0.0 0.0 0.0 0.0 0.0 0.0 0.0 0.0 0.0 0.0 0.0 0.0 0.0 0.0 0.0 0.0 0.0 0.0 0.0 0.0 0.0 0.0 0.0 0.0 0.0 0.0 0.0 0.0 0.0 0.0 0.0 0.0 0.0 0.0 0.0 0.0 0.0 0.0 0.0 0.0 0.0 0.0 0.0 0.0 0.0 0.0 0.0 0.0 0.0 0.0 0.0 0.0
## eigenvalues of T0123h imag max 0.0
## np.allclose(T0123v,T0123v.T,rtol=1e-6,atol=1e-6) False
## eigenvalues of T0123v abs 1.062761559692221 0.3890916423118151 0.26286653199565424 0.13008616601397632 0.12543191157418443 0.10219019057799905 0.08722219756804289 0.05148465844410418 0.05071827895503475 0.05026385256884615 0.04052322821965459 0.031864522919896644 0.030539358193123815 0.02841647152640297 0.02182689813225813 0.01910850131945138 0.01648435464785767 0.016123544257726143 0.016039673475645812 0.015628726322718955 0.0132797273180238 0.013274809078309536 0.009554931960001662 0.009180375201250124 0.009074373896218612 0.008009057938924783 0.007720027129149085 0.005840084753124024 0.00573080908158802 0.005399355520623122 0.005293034835957127 0.0052590985525358975 0.004748240068211669 0.004299095240045707 0.003973188770358602 0.0038078435064555246 0.003638368206470574 0.0033891863814613393 0.003378611328440737 0.0033293906445681885 0.003023015960575755 0.002975445708485635 0.0024521163745012267 0.002439712805842938 0.0019763162485836893 0.0016969830579041485 0.0016771052199285874 0.0016198838830524896 0.0015185108300415798 0.001509380663967592 0.001456729522716039 0.0013747459645047082 0.0013443237897380225 0.0013251276479430453 0.0013242597920562688 0.0012635392919927752 0.0011489531413091604 0.0010642538393644673 0.0010499905018066026 0.0010414884520078655 0.000991719328527313 0.0009863982894594088 0.0009817339155442778 0.0007817628089042038 0.0007697008286667578 0.0007692501728821702 0.0007563618246321472 0.0006816025588082859 0.0006423458150867571 0.0005921183586773706 0.0005722382935857526 0.0005425049050237792 0.0005344983488343712 0.0004887162541322026 0.00046434680555418 0.00041823361795242367 0.00039498251904069464 0.0003850525666514867 0.00037939476663442534 0.00035717922849645624 0.00035661954220458583 0.0003262933029066962 0.00031440753826243853 0.0003114482012125388 0.0002870715321429539 0.00028669449073396544 0.0002747256006920361 0.00026306654418805096 0.0002182255509655445 0.00020232568182162124 0.00019003242619017568 0.00018882306697131626 0.0001859274210272634 0.00017835597946507079 0.00017550948997812452 0.0001699200037945127 0.00015361358553408767 0.00013717111402302527 0.00013466512339092192 0.00013147098363360245 0.00013090804301897011 0.00012231495923860507 0.00011516909200629624 0.00011438563901314337 0.00011260523488625964 0.00010987858777221261 0.00010636328377110511 9.728178766068087e-05 8.513756942037874e-05 7.73781397174323e-05 7.56447535323332e-05 7.52716088661514e-05 7.498691074591303e-05 6.762730845619968e-05 6.314890603683438e-05 5.747561170135495e-05 5.439616606948596e-05 5.387389834155445e-05 5.195318951675422e-05 5.0488417844295244e-05 4.505424912423141e-05 4.3474834698773707e-05 4.148399048116506e-05 4.137074700023556e-05 4.077991559404541e-05 3.506574975412031e-05 3.328718540092886e-05 3.270959660645272e-05 3.192305734259193e-05 3.111855107383877e-05 3.063053475172469e-05 2.6951537953586875e-05 2.6794464122020738e-05 2.2815517133957853e-05 2.2450482762349526e-05 2.15055205666272e-05 2.1408621276165644e-05 2.1115876503838714e-05 1.770916783520493e-05 1.6858973829492262e-05 1.6781053601431535e-05 1.320748227556081e-05 1.3200988404014428e-05 1.2783515430423482e-05 1.1642573511846227e-05 1.0423717590996547e-05 1.026554240194247e-05 1.026210451971888e-05 7.744402262023075e-06 7.720723718846266e-06 5.8651056744356045e-06 5.687501007836602e-06 4.925782642862006e-06 4.778261746087079e-06 4.577096789114204e-06 4.452027167425696e-06 3.45433566912845e-06 3.436596065735048e-06 2.826567564076168e-06 2.792310510683439e-06 1.8334792924672955e-06 1.511823100594911e-06 1.2318629357885128e-06 1.1502929761821747e-06 9.81789389112725e-07 9.458152190871431e-07 8.411679011849349e-07 7.651341829146514e-07 6.453990896790578e-07
## eigenvalues of T0123v real 1.062761559692221 0.3890916423118151 0.26286653199565424 0.13008616601397632 0.12543191157418443 0.10219019057799905 0.08722219756804289 0.05148465844410418 0.05071827895503475 0.05026385256884615 0.04052322821965459 0.031864522919896644 0.030539358193123815 0.02841647152640297 0.02182689813225813 0.01910850131945138 0.01648435464785767 0.016123544257726143 0.016039673475645812 0.015628726322718955 0.0132797273180238 0.013274809078309536 0.009554931960001662 0.009180375201250124 0.009074373896218612 0.008009057938924783 0.007720027129149085 0.005840084753124024 0.00573080908158802 0.005399355520623122 0.005293034835957127 0.0052590985525358975 0.004748240068211669 0.004299095240045707 0.003973188770358602 0.0038078435064555246 0.003638368206470574 0.0033891863814613393 0.003378611328440737 0.0033293906445681885 0.003023015960575755 0.002975445708485635 0.0024521163745012267 0.002439712805842938 0.0019763162485836893 0.0016969830579041485 0.0016771052199285874 0.0016198838830524896 0.0015185108300415798 0.001509380663967592 0.001456729522716039 0.0013747459645047082 0.0013443237897380225 0.0013251276479430453 0.0013242597920562688 0.0012635392919927752 0.0011489531413091604 0.0010642538393644673 0.0010499905018066026 0.0010414884520078655 0.000991719328527313 0.0009863982894594088 0.0009817339155442778 0.0007817628089042038 0.0007697008286667578 0.0007692501728821702 0.0007563618246321472 0.0006816025588082859 0.0006423458150867571 0.0005921183586773706 0.0005722382935857526 0.0005425049050237792 0.0005344983488343712 0.0004887162541322026 0.00046434680555418 0.00041823361795242367 0.00039498251904069464 0.0003850525666514867 0.00037939476663442534 0.00035717922849645624 0.00035661954220458583 0.0003262933029066962 0.00031440753826243853 0.0003114482012125388 0.0002870715321429539 0.00028669449073396544 0.0002747256006920361 0.00026306654418805096 0.0002182255509655445 0.00020232568182162124 0.00019003242619017568 0.00018882306697131626 0.0001859274210272634 0.00017835597946507079 0.00017550948997812452 0.0001699200037945127 0.00015361358553408767 0.00013717111402302527 0.00013466512339092192 0.00013147098363360245 0.00013090804301897011 0.00012231495923860507 0.00011516909200629624 0.00011438563901314337 0.00011260523488625964 0.00010987858777221261 0.00010636328377110511 9.728178766068087e-05 8.513756942037874e-05 7.73781397174323e-05 7.56447535323332e-05 7.52716088661514e-05 7.498691074591303e-05 6.762730845619968e-05 6.314890603683438e-05 5.747561170135495e-05 5.439616606948596e-05 5.387389834155445e-05 5.195318951675422e-05 5.0488417844295244e-05 4.505424912423141e-05 4.3474834698773707e-05 4.148399048116506e-05 4.137074700023556e-05 4.077991559404541e-05 3.506574975412031e-05 3.328718540092886e-05 3.270959660645272e-05 3.192305734259193e-05 3.111855107383877e-05 3.063053475172469e-05 2.6951537953586875e-05 2.6794464122020738e-05 2.2815517133957853e-05 2.2450482762349526e-05 2.15055205666272e-05 2.1408621276165644e-05 2.1115876503838714e-05 1.770916783520493e-05 1.6858973829492262e-05 1.6781053601431535e-05 1.320748227556081e-05 1.3200988404014428e-05 1.2783515430423482e-05 1.1642573511846227e-05 1.0423717590996547e-05 1.026554240194247e-05 1.026210451971888e-05 7.744402262023075e-06 7.720723718846266e-06 5.8651056744356045e-06 5.687501007836602e-06 4.925782642862006e-06 4.778261746087079e-06 4.577096789114204e-06 4.452027167425696e-06 3.45433566912845e-06 3.436596065735048e-06 2.826567564076168e-06 2.792310510683439e-06 1.8334792924672955e-06 1.511823100594911e-06 1.2318629357885128e-06 1.1502929761821747e-06 9.81789389112725e-07 9.458152190871431e-07 8.411679011849349e-07 7.651341829146514e-07 6.453990896790578e-07
## eigenvalues of T0123v imag 0.0 0.0 0.0 0.0 0.0 0.0 0.0 0.0 0.0 0.0 0.0 0.0 0.0 0.0 0.0 0.0 0.0 0.0 0.0 0.0 0.0 0.0 0.0 0.0 0.0 0.0 0.0 0.0 0.0 0.0 0.0 0.0 0.0 0.0 0.0 0.0 0.0 0.0 0.0 0.0 0.0 0.0 0.0 0.0 0.0 0.0 0.0 0.0 0.0 0.0 0.0 0.0 0.0 0.0 0.0 0.0 0.0 0.0 0.0 0.0 0.0 0.0 0.0 0.0 0.0 0.0 0.0 0.0 0.0 0.0 0.0 0.0 0.0 0.0 0.0 0.0 0.0 0.0 0.0 0.0 0.0 0.0 0.0 0.0 0.0 0.0 0.0 0.0 0.0 0.0 0.0 0.0 0.0 0.0 0.0 0.0 0.0 0.0 0.0 0.0 0.0 0.0 0.0 0.0 0.0 0.0 0.0 0.0 0.0 0.0 0.0 0.0 0.0 0.0 0.0 0.0 0.0 0.0 0.0 0.0 0.0 0.0 0.0 0.0 0.0 0.0 0.0 0.0 0.0 0.0 0.0 0.0 0.0 0.0 0.0 0.0 0.0 0.0 0.0 0.0 0.0 0.0 0.0 0.0 0.0 0.0 0.0 0.0 0.0 0.0 0.0 0.0 0.0 0.0 0.0 0.0 0.0 0.0 0.0 0.0 0.0 0.0 0.0 0.0 0.0 0.0 0.0 0.0 0.0
## eigenvalues of T0123v imag max 0.0
## hx,i,norm,mx,my,mz,sqrt(sum m^2)  1.55 0 (1.109520067360037+0j) 0.45969077062088565 0.0 -1.0772749674723384e-06 0.4596907706221479
## hx,i,norm,mx,my,mz,sqrt(sum m^2)  1.55 1 (1.1095200673600398+0j) 0.4596907706208856 0.0 -1.0772749660214169e-06 0.45969077062214786
## hx,num,norm_x,norm_y,xx[0],xx[1],yy[0],yy[1],zz[0],zz[1]  1.55 0 (1.164489373107106+0j) (1.1644912202701532+0j) 0.21895599362643844 0.21895418987069695 -0.034877427989542645 -0.034872009098290954 0.05431027684424438 0.05430564568567184
## hx,num,norm_x,norm_y,xx[0],xx[1],yy[0],yy[1],zz[0],zz[1]  1.55 1 (1.1644905982371292+0j) (1.1644912976685604+0j) 0.21895501055661523 0.21895445643092928 -0.03487457228514492 -0.03487277377165957 0.054307648099154573 0.05430637101072957
1.55 -0.8211356652822728 0.4596907706221479 -0.05430896247169947 -0.05430600834820071
## hx,mx,mz0mz1 1.55 0.4596907706208856 0.05430748540995009
## time simple update= 1.90734863281e-06
## time full update= 9.53674316406e-07
## time environment= 0.630654096603
## time observable= 0.0235149860382
