## Logs: seed = 11
## Logs: Jxy = 0.0
## Logs: Jz = -1.0
## Logs: hx = 1.55
## Logs: tau = 0.0128
## Logs: tau_step = 0
## Logs: tau_full = 0.01
## Logs: tau_full_step = 0
## Logs: second_ST = True
## Logs: initial_type = -1
## Logs: input_file = input_Tn.npz
## Logs: output_file = output
### CTM: count to convergence, sig_max =  8 4.0409451348932927e-07
## np.allclose(T0123h,T0123h.T,rtol=1e-6,atol=1e-6) False
## eigenvalues of T0123h abs 1.0627593259548922 0.4140029492712427 0.3419562860988703 0.24432882825988397 0.14831834768543614 0.1346447007846197 0.12698008019106805 0.09178567956560411 0.09011149948208531 0.08003952332728388 0.07721783786927851 0.052393982472680775 0.0513903870694906 0.04172405445173698 0.03926493503651032 0.039175836945229 0.038450231718995594 0.03797081220519638 0.02968788980969326 0.02876089317741236 0.025146951781350974 0.023169635887913907 0.022100628652432293 0.02179996541486033 0.020197701546502432 0.01920048487758511 0.0184062521746055 0.01646320903771313 0.01637817243202802 0.01402761018774377 0.013640228845123014 0.013266427739475246 0.011714778876127823 0.011077129452554317 0.010973116173943863 0.010443765444718789 0.010087684996196335 0.009968872421798888 0.009236245072145653 0.00902376993318799 0.00890115450407403 0.007512755011881267 0.007031134130841881 0.006920945311732078 0.006539919273705801 0.006488677202416831 0.0064439172414838385 0.006242694625930892 0.006084661435664554 0.005936826317786475 0.005704819052215336 0.0050257457587625344 0.0047542519323563095 0.004729545616234297 0.004451350723435308 0.004157705102920037 0.0040793382251563875 0.003985861793841475 0.003884318189255706 0.0037994198638880744 0.0037971330563932124 0.003685521266008556 0.0036152869498760386 0.0035997888876605176 0.0035053730155777717 0.0033718612083607044 0.003022280608214281 0.002999389617240368 0.002944968619000657 0.002880897078480502 0.002855049362553399 0.0027329563905973808 0.002583560741255096 0.002464646310570651 0.0024246238212263594 0.0024185618722489155 0.0024062795038191243 0.002172522313703468 0.0021082403030824436 0.002063388622498029 0.0019234939693174237 0.0017507361764643673 0.0017168599771773755 0.0017032765981208125 0.0016855672908833615 0.0016618678976799658 0.0016368293064405823 0.0015099762410786038 0.0015074951589435892 0.0014611830394462345 0.001426452998257291 0.001376044332033415 0.001333573052108439 0.0013216761561701752 0.0013020195838133414 0.0012750118747287002 0.001233794818090976 0.0012142999922863107 0.0011613409431620251 0.0011281291308002815 0.0011012202733404887 0.0010943467503474913 0.0010894434118485672 0.0010672895590549127 0.0010429061383237861 0.0010083381687113991 0.001008274913713758 0.0009946120104258652 0.0009807961973544177 0.0009679067893634416 0.0009389492009303053 0.0009351491815141718 0.0009207534967558258 0.0009204833462367905 0.0009038842561021955 0.000865314458756051 0.000852196053316177 0.000847578371730315 0.0007584160250842178 0.0007576594145288657 0.0007512734419265877 0.0007133521603888754 0.0006484503801118898 0.0006193637776455386 0.0006185245003927381 0.0006012462902839175 0.0005529852690522023 0.0005319879262657758 0.0005300712629995444 0.0005211659064529402 0.0005101791136548475 0.0005098752037637511 0.000503720008557877 0.0004993598264362401 0.0004963447967982262 0.0004871476191070678 0.0004823817494305399 0.00047464703179335226 0.00046262988318250374 0.000462101308774677 0.00046150302559387434 0.00045500238474527934 0.0004465040169372831 0.00043748617714686055 0.0004265605681438388 0.0004263741053509836 0.0004261415232365625 0.00039740914495198975 0.0003928571244020981 0.00037390384083290626 0.00037321583273735545 0.0003680734172899373 0.0003544157084064638 0.00033597878056819066 0.00033385438322961614 0.0003298897822308221 0.0003277516549182004 0.0003243687063314717 0.0003105358206806713 0.0003020735464073123 0.00029704027612545284 0.00029550435428340983 0.0002924113272261927 0.0002905621997612046 0.00026817495554707873 0.000259183893818916 0.0002587130953067348 0.0002585482527652951 0.00024831938473463596 0.0002473681384935755 0.00024460053582356974 0.00024102067553656735 0.00023654819645489751 0.00023215031294707757 0.0002231202038366485 0.0002230831458022506 0.0002172952382225776 0.00021019164272364352 0.00020785942888376383 0.00020478189094676663 0.00019719251297099313 0.00019559121373803493 0.00019027165668001846 0.00018858824029457157 0.00018788921559415597 0.0001863110808173726 0.00018515394406916545 0.00018082244465496413 0.00017877636561592893 0.00017187752114767872 0.00016654648911650907 0.00016211845243742552 0.00016170444396824716 0.00016130913116307497 0.0001551518451732396 0.00014957218453684037 0.00014491240696013703 0.00013987704581968803 0.00013873765372454148 0.00013826934509824783 0.00013766460714675316 0.00013723409569980932 0.00013322068388550438 0.00013204115865389705 0.00013035699181430352 0.00012997950453572538 0.0001293598689442981 0.00012879399948389852 0.00012271220845857004 0.00011720113161415342 0.00011116776259168849 0.00010995168333721325 0.00010673892663209082 0.00010659023881367984 0.00010554179462037049 0.00010050485597702481 9.729011715619275e-05 9.543266305751447e-05 9.285288481654009e-05 9.080495899668185e-05 8.587964206682795e-05 8.575831688686911e-05 8.462946868780335e-05 8.441242094632286e-05 8.241902402881881e-05 8.198700197439118e-05 8.179823351715893e-05 8.160080444491273e-05 7.88573468035397e-05 7.793807364766762e-05 7.738343227986234e-05 7.736441119376038e-05 7.692981614221228e-05 7.547041705256708e-05 7.281423204689473e-05 7.231294779510354e-05 7.033949584243178e-05 6.847371670050578e-05 6.728485778500129e-05 6.509490029661762e-05 6.476359025307506e-05 6.400613468980423e-05 6.076989136217877e-05 6.07347139013996e-05 5.9357672519163305e-05 5.9222791764861875e-05 5.7175590058285273e-05 5.597860253209352e-05 5.5956257115167926e-05 5.551777823797103e-05 5.395450980594217e-05 5.256304502033532e-05 5.164195034043216e-05 5.08179997301809e-05 4.841376773577854e-05 4.8100868223583506e-05 4.776032862559752e-05 4.549153801029095e-05 4.477795842847772e-05 4.3718293372196284e-05 4.308645896746285e-05 4.267309670569461e-05 4.213297846054778e-05 4.2105808523934873e-05 4.2086320867181156e-05 4.1992624915305186e-05 4.0455436248761126e-05 3.843853888661407e-05 3.756415514832466e-05 3.7516805020979034e-05 3.704141644985544e-05 3.630338794412391e-05 3.5500397056901534e-05 3.471423642613264e-05 3.4191711837002495e-05 3.415371694911383e-05 3.16219829670839e-05 3.0422275701050593e-05 2.9630691080918903e-05 2.8996244895858212e-05 2.8863040184323094e-05 2.884991824391728e-05 2.7901757881629286e-05 2.7821809686536677e-05 2.7398419691214437e-05 2.658901446949152e-05 2.6255434604092144e-05 2.5510459066243916e-05 2.546999489188271e-05 2.4832270935435042e-05 2.331416319229071e-05 2.299469735642397e-05 2.299279740690373e-05 2.2842722908066476e-05 2.28217299320993e-05 2.2711758311635378e-05 2.26493597735718e-05 2.20096811379928e-05 2.1851129265497078e-05 2.1757598182258394e-05 2.1416730032434335e-05 2.0993231983631093e-05 2.0988537144375457e-05 2.06508838840329e-05 2.0502296505853762e-05 2.048015044223036e-05 2.0356397591026e-05 2.0140714317991608e-05 1.9086782888736945e-05 1.8728005622726332e-05 1.866523864682189e-05 1.847846346038509e-05 1.838823643181121e-05 1.8320498484339358e-05 1.8021385396191796e-05 1.796504297112865e-05 1.7786294362488827e-05 1.6383864094548253e-05 1.633676541151066e-05 1.6012830931730735e-05 1.5221043580002382e-05 1.5172100329502242e-05 1.5025364192930238e-05 1.4771069000076047e-05 1.4440038092905062e-05 1.4256239525496026e-05 1.4009882787660077e-05 1.2314408765148951e-05 1.1952490539450434e-05 1.1345279739271739e-05 1.1208375771494165e-05 1.0926447880858777e-05 1.053875869651775e-05 1.0414998299525045e-05 1.029493273819448e-05 9.333289322974892e-06 9.269110262246504e-06 9.19492377659443e-06 9.094817421321025e-06 9.092891272617811e-06 8.831031464098097e-06 8.824849078975822e-06 8.5596425903477e-06 8.44789026370862e-06 8.254158491854331e-06 8.17209283745092e-06 7.960877165783639e-06 7.844085826478162e-06 7.70343902986295e-06 7.65202044686974e-06 7.643988534755775e-06 7.5899182021707895e-06 7.548947002868289e-06 7.373679106360408e-06 7.353988932506577e-06 7.347157746400354e-06 7.07775644305299e-06 6.820499393791608e-06 6.776865706397514e-06 6.7505459798318135e-06 6.655664597662756e-06 6.203043480585658e-06 6.098271210939931e-06 6.08265868717919e-06 5.788388461029931e-06 5.399762831155455e-06 5.342093920266676e-06 5.339866006133278e-06 5.137082681091905e-06 4.900603828734069e-06 4.847284648520346e-06 4.789421224484939e-06 4.7201885338822695e-06 4.6872619845201885e-06 4.64352287408132e-06 4.489948989279883e-06 4.472558410988043e-06 4.391243983654123e-06 4.291822003774433e-06 3.687044557972786e-06 3.6711179206562965e-06 3.376652863673716e-06 3.223376826959598e-06 3.154711174177181e-06 3.14587636286933e-06 3.129848617290764e-06 3.054680119761338e-06 3.0428590194435935e-06 2.9133508987004775e-06 2.897587677477987e-06 2.7636076598183237e-06 2.7287764545723414e-06 2.6885523691988387e-06 2.679746738844871e-06 2.6739456574200155e-06 2.471916232198913e-06 2.4611767360578428e-06 2.4291107767376724e-06 2.3749794958156923e-06 2.3711899937039118e-06 2.2778648492452644e-06 2.2171484719662004e-06 2.1900549518593964e-06 2.1307371170583115e-06 2.130670275302246e-06 2.120298163768674e-06 2.0131068671628487e-06 1.9429132929141175e-06 1.9047516126993417e-06 1.8855868527923393e-06 1.8745887712497945e-06 1.853219480618883e-06 1.8520695961893587e-06 1.842613471309933e-06 1.7990170597160594e-06 1.7247519855071963e-06 1.7119820525177417e-06 1.7026573785972296e-06 1.5219560198053121e-06 1.511217042469104e-06 1.3964495203572128e-06 1.3815512169953864e-06 1.2807631007554103e-06 1.267482980512223e-06 1.2380524241796375e-06 1.209719007997687e-06 1.0287256295133448e-06 9.107455434839874e-07 8.85499969853274e-07 8.854414766984891e-07 8.551077683019055e-07 8.54255437483239e-07 7.992931074195573e-07 7.647728970497651e-07 7.580621191171851e-07 7.472041021749523e-07 6.543045427933492e-07 6.342124922995854e-07 6.338187809563626e-07 5.889561397005032e-07 5.665293470272138e-07 5.633495200913635e-07 5.462226753993573e-07 5.262398608299972e-07 5.205281489431153e-07 5.111497395812913e-07 4.5240129832369406e-07 4.128782021350054e-07 3.629534568164035e-07 3.584232552171132e-07 3.5835362923277716e-07 3.5824594416575876e-07 3.478745337438825e-07 3.3123707179943463e-07 2.7848903599402423e-07 2.7785492374559004e-07 2.544766860338901e-07 2.488356040011094e-07 2.4833623721299503e-07 2.1738924058868908e-07 2.1299222638999586e-07 1.9887924851045116e-07 1.9794942329053425e-07 1.9534131105720108e-07 1.9528338215554227e-07 1.789105361706735e-07 1.7849356601761254e-07 1.742097508784702e-07 1.741699206173432e-07 1.620651520160933e-07 1.50843734137747e-07 7.514787483621357e-08 7.505827629262634e-08 6.760489709884508e-08 5.645295236166621e-08 4.118829473009704e-08 4.038481423069854e-08 2.4397399349776354e-08 2.411402807898071e-08 1.9644930798279642e-08 1.9581027887891332e-08 1.9403165973768715e-08 1.934265290477953e-08 2.1640335235617173e-09
## eigenvalues of T0123h real 1.0627593259548922 0.4140029492712427 0.3419562860988703 0.24432882825988397 0.14831834768543614 0.1346447007846197 0.12698008019106805 0.09178567956560411 0.09011149948208531 0.08003952332728388 0.07721783786927851 0.052393982472680775 0.0513903870694906 0.04172405445173698 0.03926493503651032 0.039175836945229 0.038450231718995594 0.03797081220519638 0.02968788980969326 0.02876089317741236 0.025146951781350974 0.023169635887913907 0.022100628652432293 0.02179996541486033 0.020197701546502432 0.01920048487758511 0.0184062521746055 0.01646320903771313 0.01637817243202802 0.01402761018774377 0.013640228845123014 0.013266427739475246 0.011714778876127823 0.011077129452554317 0.010973116173943863 0.010443765444718789 0.010087684996196335 0.009968872421798888 0.009236245072145653 0.00902376993318799 0.00890115450407403 0.007512755011881267 0.007031134130841881 0.006920945311732078 0.006539919273705801 0.006488677202416831 0.0064439172414838385 0.006242694625930892 0.006084661435664554 0.005936826317786475 0.005704819052215336 0.0050257457587625344 0.0047542519323563095 0.004729545616234297 0.004451350723435308 0.004157705102920037 0.0040793382251563875 0.003985861793841475 0.003884318189255706 0.0037994198638880744 0.0037971330563932124 0.003685521266008556 0.0036152869498760386 0.0035997888876605176 0.0035053730155777717 0.0033718612083607044 0.003022280608214281 0.002999389617240368 0.002944968619000657 0.002880897078480502 0.002855049362553399 0.0027329563905973808 0.002583560741255096 0.002464646310570651 0.0024246238212263594 0.0024185618722489155 0.0024062795038191243 0.002172522313703468 0.0021082403030824436 0.002063388622498029 0.0019234939693174237 0.0017507361764643673 0.0017168599771773755 0.0017032765981208125 0.0016855672908833615 0.0016618678976799658 0.0016368293064405823 0.0015099762410786038 0.0015074951589435892 0.0014611830394462345 0.001426452998257291 0.001376044332033415 0.001333573052108439 0.0013216761561701752 0.0013020195838133414 0.0012750118747287002 0.001233794818090976 0.0012142999922863107 0.0011613409431620251 0.0011281291308002815 0.0011012202733404887 0.0010943467503474913 0.0010894434118485672 0.0010672895590549127 0.0010429061383237861 0.0010083381687113991 0.001008274913713758 0.0009946120104258652 0.0009807961973544177 0.0009679067893634416 0.0009389492009303053 0.0009351491815141718 0.0009207534967558258 0.0009204833462367905 0.0009038842561021955 0.000865314458756051 0.000852196053316177 0.000847578371730315 0.0007584160250842178 0.0007576594145288657 0.0007512734419265877 0.0007133521603888754 0.0006484503801118898 0.0006193637776455386 0.0006185245003927381 0.0006012462902839175 0.0005529852690522023 0.0005319879262657758 0.0005300712629995444 0.0005211659064529402 0.0005101791136548475 0.0005098752037637511 0.000503720008557877 0.0004993598264362401 0.0004963447967982262 0.0004871476191070678 0.0004823817494305399 0.00047464703179335226 0.00046262988318250374 0.000462101308774677 0.00046150302559387434 0.00045500238474527934 0.0004465040169372831 0.00043748617714686055 0.0004265605681438388 0.0004263741053509836 0.0004261415232365625 0.00039740914495198975 0.0003928571244020981 0.00037390384083290626 0.00037321583273735545 0.0003680734172899373 0.0003544157084064638 0.00033597878056819066 0.00033385438322961614 0.0003298897822308221 0.0003277516549182004 0.0003243687063314717 0.0003105358206806713 0.0003020735464073123 0.00029704027612545284 0.00029550435428340983 0.0002924113272261927 0.0002905621997612046 0.00026817495554707873 0.000259183893818916 0.0002587130953067348 0.0002585482527652951 0.00024831938473463596 0.0002473681384935755 0.00024460053582356974 0.00024102067553656735 0.00023654819645489751 0.00023215031294707757 0.0002231202038366485 0.0002230831458022506 0.0002172952382225776 0.00021019164272364352 0.00020785942888376383 0.00020478189094676663 0.00019719251297099313 0.00019559121373803493 0.00019027165668001846 0.00018858824029457157 0.00018788921559415597 0.0001863110808173726 0.00018515394406916545 0.00018082244465496413 0.00017877636561592893 0.00017187752114767872 0.00016654648911650907 0.00016211845243742552 0.00016170444396824716 0.00016130913116307497 0.0001551518451732396 0.00014957218453684037 0.00014491240696013703 0.00013987704581968803 0.00013873765372454148 0.00013826934509824783 0.00013766460714675316 0.00013723409569980932 0.00013322068388550438 0.00013204115865389705 0.00013035699181430352 0.00012997950453572538 0.0001293598689442981 0.00012879399948389852 0.00012271220845857004 0.00011720113161415342 0.00011116776259168849 0.00010995168333721325 0.00010673892663209082 0.00010659023881367984 0.00010554179462037049 0.00010050485597702481 9.729011715619275e-05 9.543266305751447e-05 9.285288481654009e-05 9.080495899668185e-05 8.587964206682795e-05 8.575831688686911e-05 8.462946868780335e-05 8.441242094632286e-05 8.241902402881881e-05 8.198700197439118e-05 8.179823351715893e-05 8.160080444491273e-05 7.88573468035397e-05 7.793807364766762e-05 7.738343227986234e-05 7.736441119376038e-05 7.692981614221228e-05 7.547041705256708e-05 7.281423204689473e-05 7.231294779510354e-05 7.033949584243178e-05 6.847371670050578e-05 6.728485778500129e-05 6.509490029661762e-05 6.476359025307506e-05 6.400613468980423e-05 6.076989136217877e-05 6.07347139013996e-05 5.9357672519163305e-05 5.9222791764861875e-05 5.7175590058285273e-05 5.597860253209352e-05 5.5956257115167926e-05 5.551777823797103e-05 5.395450980594217e-05 5.256304502033532e-05 5.164195034043216e-05 5.08179997301809e-05 4.841376773577854e-05 4.8100868223583506e-05 4.776032862559752e-05 4.549153801029095e-05 4.477795842847772e-05 4.3718293372196284e-05 4.308645896746285e-05 4.267309670569461e-05 4.213297846054778e-05 4.2105808523934873e-05 4.2086320867181156e-05 4.1992624915305186e-05 4.0455436248761126e-05 3.843853888661407e-05 3.756415514832466e-05 3.7516805020979034e-05 3.704141644985544e-05 3.630338794412391e-05 3.5500397056901534e-05 3.471423642613264e-05 3.4191711837002495e-05 3.415371694911383e-05 3.16219829670839e-05 3.0422275701050593e-05 2.9630691080918903e-05 2.8996244895858212e-05 2.8863040184323094e-05 2.884991824391728e-05 2.7901757881629286e-05 2.7821809686536677e-05 2.7398419691214437e-05 2.658901446949152e-05 2.6255434604092144e-05 2.5510459066243916e-05 2.546999489188271e-05 2.4832270935435042e-05 2.331416319229071e-05 2.299469735642397e-05 2.299279740690373e-05 2.2842722908066476e-05 2.28217299320993e-05 2.2711758311635378e-05 2.26493597735718e-05 2.20096811379928e-05 2.1851129265497078e-05 2.1757598182258394e-05 2.1416730032434335e-05 2.0993231983631093e-05 2.0988537144375457e-05 2.06508838840329e-05 2.0502296505853762e-05 2.048015044223036e-05 2.0356397591026e-05 2.0140714317991608e-05 1.9086782888736945e-05 1.8728005622726332e-05 1.866523864682189e-05 1.847846346038509e-05 1.838823643181121e-05 1.8320498484339358e-05 1.8021385396191796e-05 1.796504297112865e-05 1.7786294362488827e-05 1.6383864094548253e-05 1.633676541151066e-05 1.6012830931730735e-05 1.5221043580002382e-05 1.5172100329502242e-05 1.5025364192930238e-05 1.4771069000076047e-05 1.4440038092905062e-05 1.4256239525496026e-05 1.4009882787660077e-05 1.2314408765148951e-05 1.1952490539450434e-05 1.1345279739271739e-05 1.1208375771494165e-05 1.0926447880858777e-05 1.053875869651775e-05 1.0414998299525045e-05 1.029493273819448e-05 9.333289322974892e-06 9.269110262246504e-06 9.19492377659443e-06 9.094817421321025e-06 9.092891272617811e-06 8.831031464098097e-06 8.824849078975822e-06 8.5596425903477e-06 8.44789026370862e-06 8.254158491854331e-06 8.17209283745092e-06 7.960877165783639e-06 7.844085826478162e-06 7.70343902986295e-06 7.65202044686974e-06 7.643988534755775e-06 7.5899182021707895e-06 7.548947002868289e-06 7.373679106360408e-06 7.353988932506577e-06 7.347157746400354e-06 7.07775644305299e-06 6.820499393791608e-06 6.776865706397514e-06 6.7505459798318135e-06 6.655664597662756e-06 6.203043480585658e-06 6.098271210939931e-06 6.08265868717919e-06 5.788388461029931e-06 5.399762831155455e-06 5.342093920266676e-06 5.339866006133278e-06 5.137082681091905e-06 4.900603828734069e-06 4.847284648520346e-06 4.789421224484939e-06 4.7201885338822695e-06 4.6872619845201885e-06 4.64352287408132e-06 4.489948989279883e-06 4.472558410988043e-06 4.391243983654123e-06 4.291822003774433e-06 3.687044557972786e-06 3.6711179206562965e-06 3.376652863673716e-06 3.223376826959598e-06 3.154711174177181e-06 3.14587636286933e-06 3.129848617290764e-06 3.054680119761338e-06 3.0428590194435935e-06 2.9133508987004775e-06 2.897587677477987e-06 2.7636076598183237e-06 2.7287764545723414e-06 2.6885523691988387e-06 2.679746738844871e-06 2.6739456574200155e-06 2.471916232198913e-06 2.4611767360578428e-06 2.4291107767376724e-06 2.3749794958156923e-06 2.3711899937039118e-06 2.2778648492452644e-06 2.2171484719662004e-06 2.1900549518593964e-06 2.1307371170583115e-06 2.130670275302246e-06 2.120298163768674e-06 2.0131068671628487e-06 1.9429132929141175e-06 1.9047516126993417e-06 1.8855868527923393e-06 1.8745887712497945e-06 1.853219480618883e-06 1.8520695961893587e-06 1.842613471309933e-06 1.7990170597160594e-06 1.7247519855071963e-06 1.7119820525177417e-06 1.7026573785972296e-06 1.5219560198053121e-06 1.511217042469104e-06 1.3964495203572128e-06 1.3815512169953864e-06 1.2807631007554103e-06 1.267482980512223e-06 1.2380524241796375e-06 1.209719007997687e-06 1.0287256295133448e-06 9.107455434839874e-07 8.85499969853274e-07 8.854414766984891e-07 8.551077683019055e-07 8.54255437483239e-07 7.992931074195573e-07 7.647728970497651e-07 7.580621191171851e-07 7.472041021749523e-07 6.543045427933492e-07 6.342124922995854e-07 6.338187809563626e-07 5.889561397005032e-07 5.665293470272138e-07 5.633495200913635e-07 5.462226753993573e-07 5.262398608299972e-07 5.205281489431153e-07 5.111497395812913e-07 4.5240129832369406e-07 4.128782021350054e-07 3.629534568164035e-07 3.584232552171132e-07 3.5835362923277716e-07 3.5824594416575876e-07 3.478745337438825e-07 3.3123707179943463e-07 2.7848903599402423e-07 2.7785492374559004e-07 2.544766860338901e-07 2.488356040011094e-07 2.4833623721299503e-07 2.1738924058868908e-07 2.1299222638999586e-07 1.9887924851045116e-07 1.9794942329053425e-07 1.9534131105720108e-07 1.9528338215554227e-07 1.789105361706735e-07 1.7849356601761254e-07 1.742097508784702e-07 1.741699206173432e-07 1.620651520160933e-07 1.50843734137747e-07 7.514787483621357e-08 7.505827629262634e-08 6.760489709884508e-08 5.645295236166621e-08 4.118829473009704e-08 4.038481423069854e-08 2.4397399349776354e-08 2.411402807898071e-08 1.9644930798279642e-08 1.9581027887891332e-08 1.9403165973768715e-08 1.934265290477953e-08 2.1640335235617173e-09
## eigenvalues of T0123h imag 0.0 0.0 0.0 0.0 0.0 0.0 0.0 0.0 0.0 0.0 0.0 0.0 0.0 0.0 0.0 0.0 0.0 0.0 0.0 0.0 0.0 0.0 0.0 0.0 0.0 0.0 0.0 0.0 0.0 0.0 0.0 0.0 0.0 0.0 0.0 0.0 0.0 0.0 0.0 0.0 0.0 0.0 0.0 0.0 0.0 0.0 0.0 0.0 0.0 0.0 0.0 0.0 0.0 0.0 0.0 0.0 0.0 0.0 0.0 0.0 0.0 0.0 0.0 0.0 0.0 0.0 0.0 0.0 0.0 0.0 0.0 0.0 0.0 0.0 0.0 0.0 0.0 0.0 0.0 0.0 0.0 0.0 0.0 0.0 0.0 0.0 0.0 0.0 0.0 0.0 0.0 0.0 0.0 0.0 0.0 0.0 0.0 0.0 0.0 0.0 0.0 0.0 0.0 0.0 0.0 0.0 0.0 0.0 0.0 0.0 0.0 0.0 0.0 0.0 0.0 0.0 0.0 0.0 0.0 0.0 0.0 0.0 0.0 0.0 0.0 0.0 0.0 0.0 0.0 0.0 0.0 0.0 0.0 0.0 0.0 0.0 0.0 0.0 0.0 0.0 0.0 0.0 0.0 0.0 0.0 0.0 0.0 0.0 0.0 0.0 0.0 0.0 0.0 0.0 0.0 0.0 0.0 0.0 0.0 0.0 0.0 0.0 0.0 0.0 0.0 0.0 0.0 0.0 0.0 0.0 0.0 0.0 0.0 0.0 0.0 0.0 0.0 0.0 0.0 0.0 0.0 0.0 0.0 0.0 0.0 0.0 0.0 0.0 0.0 0.0 0.0 0.0 0.0 0.0 0.0 0.0 0.0 0.0 0.0 0.0 0.0 0.0 0.0 0.0 0.0 0.0 0.0 0.0 0.0 0.0 0.0 0.0 0.0 0.0 0.0 0.0 0.0 0.0 0.0 0.0 0.0 0.0 0.0 0.0 0.0 0.0 0.0 0.0 0.0 0.0 0.0 0.0 0.0 0.0 0.0 0.0 0.0 0.0 0.0 0.0 0.0 0.0 0.0 0.0 0.0 0.0 0.0 0.0 0.0 0.0 0.0 0.0 0.0 0.0 0.0 0.0 0.0 0.0 0.0 0.0 0.0 0.0 0.0 0.0 0.0 0.0 0.0 0.0 0.0 0.0 0.0 0.0 0.0 0.0 0.0 0.0 0.0 0.0 0.0 0.0 0.0 0.0 0.0 0.0 0.0 0.0 0.0 0.0 0.0 0.0 0.0 0.0 0.0 0.0 0.0 0.0 0.0 0.0 0.0 0.0 0.0 0.0 0.0 0.0 0.0 0.0 0.0 0.0 0.0 0.0 0.0 0.0 0.0 0.0 0.0 0.0 0.0 0.0 0.0 0.0 0.0 0.0 0.0 0.0 0.0 0.0 0.0 0.0 0.0 0.0 0.0 0.0 0.0 0.0 0.0 0.0 0.0 0.0 0.0 0.0 0.0 0.0 0.0 0.0 0.0 0.0 0.0 0.0 0.0 0.0 0.0 0.0 0.0 0.0 0.0 0.0 0.0 0.0 0.0 0.0 0.0 0.0 0.0 0.0 0.0 0.0 0.0 0.0 0.0 0.0 0.0 0.0 0.0 0.0 0.0 0.0 0.0 0.0 0.0 0.0 0.0 0.0 0.0 0.0 0.0 0.0 0.0 0.0 0.0 0.0 0.0 0.0 0.0 0.0 0.0 0.0 0.0 0.0 0.0 0.0 0.0 0.0 0.0 0.0 0.0 0.0 0.0 0.0 0.0 0.0 0.0 0.0 0.0 0.0 0.0 0.0 0.0 0.0 0.0 0.0 0.0 0.0 0.0 0.0 0.0 0.0 0.0 0.0 0.0 0.0 0.0 0.0 0.0 0.0 0.0 0.0 0.0 0.0 0.0 0.0 0.0 0.0 0.0 0.0 0.0 0.0 0.0 0.0 0.0 0.0 0.0 0.0 0.0 0.0 0.0 0.0 0.0 0.0 0.0 0.0 0.0 0.0 0.0 0.0 0.0 0.0 0.0 0.0 0.0 0.0 0.0 0.0 0.0 0.0 0.0 0.0 0.0 0.0 0.0 0.0 0.0 0.0 0.0 0.0
## eigenvalues of T0123h imag max 0.0
## np.allclose(T0123v,T0123v.T,rtol=1e-6,atol=1e-6) False
## eigenvalues of T0123v abs 1.0627616491169518 0.41400860610720885 0.3419625663132886 0.2443350975428217 0.14832355905145678 0.13464864391681838 0.12698637612259578 0.09178905131767104 0.09011695801874191 0.08004278113780398 0.07722144711826333 0.05239826527996234 0.05139287632481358 0.041726228010519735 0.039267274716034285 0.03917854156526339 0.03845289272398598 0.037972951484281516 0.02968940678782362 0.028764123879265566 0.025148559136927307 0.02317165882133938 0.022102592720071902 0.021803703638617403 0.020199466636775642 0.01920218344580814 0.018407627048605713 0.016464392649441134 0.016379395338920116 0.014028598534629249 0.013641173129078402 0.01326930617269135 0.011716060129085104 0.011078211479122649 0.010974495412027977 0.010444644895768936 0.010088766925198007 0.009970058062501432 0.009237219383143256 0.009024679327102686 0.008901813430710346 0.007513578357109149 0.007031912406404518 0.006922074073259846 0.006540703978787779 0.0064892981477669715 0.006444533260891574 0.00624385124888001 0.006085533624026723 0.0059373527257344585 0.005705549497634613 0.005026194692486745 0.004754811621202661 0.004729967335949597 0.004452006681321619 0.004158289933840144 0.00408011400919082 0.003986294151429306 0.003884750328048535 0.0038002414966548195 0.0037976308183010924 0.0036860058298956973 0.00361576162659872 0.0036002859434613836 0.003505866596507641 0.003372480289846248 0.003022914643212668 0.0030000231801161773 0.0029452884079759537 0.0028812437831500135 0.00285549579935368 0.002733288905175782 0.0025839005027124573 0.0024650545751896723 0.0024249324586596986 0.0024188449780064942 0.0024065693712423675 0.002172777439237913 0.0021085651139438845 0.0020636970016846543 0.0019239330685603348 0.0017510139081614452 0.001717147699635149 0.0017035110246659403 0.0016859931995964418 0.0016621506117363472 0.001637115968268688 0.0015113384900941403 0.0015077244537293941 0.0014615594745712268 0.001426693794232865 0.0013762522704027537 0.0013337713238440647 0.0013219285501606401 0.0013024347172571134 0.0012764473753953212 0.0012340424471996582 0.0012144740351287115 0.0011616681430173064 0.0011282586862316184 0.0011014142880812123 0.001094473635306776 0.001089597209332927 0.0010674614426052205 0.0010431753251099638 0.0010085899510108899 0.0010084694853674224 0.0009947802119859175 0.0009809720875509334 0.0009682486931884459 0.0009391031237359727 0.0009353357885472734 0.0009210143876269513 0.0009206077728683813 0.000904024363672842 0.0008654477915465489 0.0008523892929038123 0.0008477765597572127 0.0007585597688834726 0.0007578382360596843 0.0007514022116065593 0.0007135226984024411 0.0006485607530393847 0.0006195847535768201 0.0006186320221418583 0.0006013530464183993 0.0005530813858810694 0.0005322467520359244 0.0005301555479939791 0.000521257720901057 0.0005106121380961948 0.0005099740215942844 0.0005038456311916168 0.0004995555745269132 0.0004964356527416159 0.00048739047937279545 0.00048247604950326804 0.0004747669601203275 0.0004628259277459005 0.00046229971568739455 0.00046158650005306704 0.00045508254034869487 0.0004469480441159294 0.00043758169975101444 0.0004266264527222882 0.00042656520307772473 0.0004264594305493636 0.00039752318708866536 0.00039293892576933826 0.0003742942575025501 0.00037329181180867274 0.00036818698240071313 0.0003545142932250079 0.0003360613378875341 0.0003339196894090468 0.00032995660136282 0.0003278374618423022 0.00032444976982708276 0.0003105984217014265 0.00030213621047640193 0.0002970888044075783 0.00029556347097578755 0.000292460480790468 0.00029061669640861946 0.00026822822677328913 0.0002592467082688674 0.0002587646894561203 0.0002586795581223219 0.000248361854169621 0.0002474328972501781 0.0002446527870284816 0.00024107130200956968 0.0002366074445449017 0.00023242439403194288 0.00022335214345510843 0.0002231585044284812 0.00021734175629164448 0.00021026417368044675 0.00020793864855882013 0.0002048377971777384 0.00019723458839545954 0.0001956380335648415 0.0001903126822150235 0.0001886276380321189 0.00018794841594177366 0.00018636479597457077 0.0001851890948469026 0.00018086077040197518 0.0001788193638551332 0.00017191748125715774 0.00016660889336611137 0.00016219870051956223 0.00016176605786045615 0.00016139216943474618 0.00015522547835182684 0.00014969286230263329 0.0001449496944456826 0.00013991373013321355 0.00013880469097555723 0.00013835309763868636 0.0001377249988872837 0.00013731465210267327 0.00013325489519265465 0.0001320686702618136 0.0001304740647230415 0.00013002331155463504 0.00012938576408409985 0.00012891105108373422 0.00012277941425458782 0.00011723539751397745 0.00011120322311424997 0.00010998023764761956 0.00010676487803283924 0.0001066073222229141 0.00010556431124423836 0.00010052759554030657 9.731733186187062e-05 9.547476844497256e-05 9.287372924483573e-05 9.082623985045941e-05 8.591844942159347e-05 8.577902618152977e-05 8.466848137358125e-05 8.443952635781275e-05 8.244366551537425e-05 8.201376079422428e-05 8.183562933046565e-05 8.162216991304893e-05 7.887871960775626e-05 7.795673460898014e-05 7.747864722974694e-05 7.745390603316156e-05 7.695864470503312e-05 7.554135842121915e-05 7.284772221179384e-05 7.23808322933338e-05 7.035737433635071e-05 6.850022436489504e-05 6.730046909963202e-05 6.512291793867603e-05 6.479411118151823e-05 6.402373916540698e-05 6.0844134646183745e-05 6.0810205734575245e-05 5.937597119014315e-05 5.924102609293739e-05 5.7212155150124045e-05 5.6003547124061564e-05 5.597191516262342e-05 5.5577851916618806e-05 5.400296620828638e-05 5.257294568202196e-05 5.1668454263946846e-05 5.0840890525976136e-05 4.843807696018441e-05 4.8115063535082044e-05 4.7774463025137966e-05 4.5541097279927525e-05 4.480171188371471e-05 4.3728265324548125e-05 4.312706231828059e-05 4.271743737359315e-05 4.2175703203492264e-05 4.211769713056575e-05 4.209972014245629e-05 4.2002950021758034e-05 4.047754689454116e-05 3.84506609601072e-05 3.757770330995416e-05 3.7527223656525065e-05 3.705034776309538e-05 3.631505045824061e-05 3.5510880339106304e-05 3.4733952092323195e-05 3.4203818356160795e-05 3.416394766694957e-05 3.1630239743450915e-05 3.043139055727139e-05 2.9637614363652123e-05 2.9004836578302104e-05 2.887179093279127e-05 2.8858308224859637e-05 2.790951071589149e-05 2.7836990310175026e-05 2.7415566029790524e-05 2.659689346149262e-05 2.628243167467443e-05 2.553368308641361e-05 2.549677581055953e-05 2.4839764651163836e-05 2.3342613012758804e-05 2.3018197852311363e-05 2.3013612598833427e-05 2.287458247646492e-05 2.2854651279067594e-05 2.2737658438690658e-05 2.2656268592159132e-05 2.201673731719367e-05 2.1858692768732276e-05 2.176464933833722e-05 2.142325593324114e-05 2.100574806303278e-05 2.099807447649923e-05 2.0658737917964872e-05 2.05116791475366e-05 2.0501114887769636e-05 2.0372122106676906e-05 2.0157053328250707e-05 1.909335409365798e-05 1.8733772266018476e-05 1.8678669452659475e-05 1.8484750056700748e-05 1.8407988376005905e-05 1.8331461995384607e-05 1.802780847501097e-05 1.7970218302022122e-05 1.779277820793221e-05 1.640217067456248e-05 1.6342926939732474e-05 1.6018286813892536e-05 1.5237652043541437e-05 1.5188712033628904e-05 1.5032268633601537e-05 1.477705524285591e-05 1.444563151562239e-05 1.4262592169891402e-05 1.4016194786284676e-05 1.231791791913372e-05 1.1960766143578288e-05 1.135234821575649e-05 1.1212670830196538e-05 1.0930670163496066e-05 1.0542009860009654e-05 1.0417649943740348e-05 1.0297611835406654e-05 9.34560435900663e-06 9.278903416594315e-06 9.199821649143115e-06 9.100682214859067e-06 9.09866586588884e-06 8.836116176407227e-06 8.82987744787924e-06 8.569028111566266e-06 8.450460469061461e-06 8.263131620531635e-06 8.177462238438347e-06 7.963368879628986e-06 7.849104970326167e-06 7.711727274379066e-06 7.66218842286062e-06 7.650814539541249e-06 7.599489430473012e-06 7.557242365992379e-06 7.376158624208739e-06 7.360483300113683e-06 7.35596406290441e-06 7.082097562037191e-06 6.829214123516266e-06 6.785987035459275e-06 6.756651617144208e-06 6.658599873899745e-06 6.205948976642697e-06 6.101115622879484e-06 6.088308023239414e-06 5.790522184046584e-06 5.401673440570482e-06 5.34976033404132e-06 5.347514483712608e-06 5.138573806946787e-06 4.90209995962166e-06 4.84963308112312e-06 4.791755233433332e-06 4.721839723950715e-06 4.69344006717443e-06 4.64971551634745e-06 4.4922285006553075e-06 4.47482241290427e-06 4.396396570747031e-06 4.296843137655257e-06 3.6892531689478755e-06 3.6733126971987036e-06 3.3778714681698125e-06 3.225128581741048e-06 3.1564056973785684e-06 3.1491231673516084e-06 3.1331141916236878e-06 3.0563833903228667e-06 3.044598286034439e-06 2.9153423468981047e-06 2.899596534124308e-06 2.7667220601498436e-06 2.7318586799253053e-06 2.689564233684963e-06 2.681745741966095e-06 2.6759920554929393e-06 2.474569501332043e-06 2.4638775578679636e-06 2.4300227711385104e-06 2.3776224681594617e-06 2.373829873455036e-06 2.280224856188144e-06 2.2197116629124314e-06 2.1909227330999023e-06 2.132324000136288e-06 2.132307848549187e-06 2.121173822019231e-06 2.014072203157064e-06 1.9455424998977655e-06 1.9069255175233743e-06 1.887934240681236e-06 1.8755291935351533e-06 1.8554026005691254e-06 1.8528218647155982e-06 1.8449281312724545e-06 1.8001871330409197e-06 1.7268113076069933e-06 1.7140415350529675e-06 1.7055307454021198e-06 1.5237449947401783e-06 1.5130031482778642e-06 1.3970338252911059e-06 1.3821278284511154e-06 1.282845670799884e-06 1.2680924485573283e-06 1.2386618547924897e-06 1.2103046702575167e-06 1.0303768214003262e-06 9.118966538701002e-07 8.865191486371649e-07 8.86460221603608e-07 8.561141096707625e-07 8.55262159412388e-07 8.007538769368047e-07 7.652947389945559e-07 7.585625638195781e-07 7.477631761293223e-07 6.55042415658937e-07 6.350531494999184e-07 6.345331313710955e-07 5.902476557607978e-07 5.667545252177338e-07 5.643205732182047e-07 5.46445273898096e-07 5.270205129017965e-07 5.216750387077071e-07 5.119071916238333e-07 4.5279876313882896e-07 4.132395566271136e-07 3.6344974611437377e-07 3.588435669715216e-07 3.5877340729744594e-07 3.5874066046172164e-07 3.480977003313769e-07 3.3145678179437365e-07 2.7882003430947685e-07 2.7818547927217243e-07 2.5473681181338143e-07 2.4913988063169923e-07 2.4864033991489156e-07 2.1771961842110363e-07 2.1331586455022282e-07 1.9903261335541013e-07 1.9810299432089786e-07 1.955866304267362e-07 1.955289487184433e-07 1.7924572066574204e-07 1.7872256136665423e-07 1.744273997408612e-07 1.7438728005121245e-07 1.6226977115304313e-07 1.509462907770018e-07 7.523831780349731e-08 7.514859104516567e-08 6.776517508251719e-08 5.658563369066003e-08 4.1247389201994336e-08 4.044310155359106e-08 2.4435959946506284e-08 2.415244395046383e-08 1.968616601029042e-08 1.9622149252780443e-08 1.942912890111296e-08 1.9368612187236906e-08 2.1687135767708435e-09
## eigenvalues of T0123v real 1.0627616491169518 0.41400860610720885 0.3419625663132886 0.2443350975428217 0.14832355905145678 0.13464864391681838 0.12698637612259578 0.09178905131767104 0.09011695801874191 0.08004278113780398 0.07722144711826333 0.05239826527996234 0.05139287632481358 0.041726228010519735 0.039267274716034285 0.03917854156526339 0.03845289272398598 0.037972951484281516 0.02968940678782362 0.028764123879265566 0.025148559136927307 0.02317165882133938 0.022102592720071902 0.021803703638617403 0.020199466636775642 0.01920218344580814 0.018407627048605713 0.016464392649441134 0.016379395338920116 0.014028598534629249 0.013641173129078402 0.01326930617269135 0.011716060129085104 0.011078211479122649 0.010974495412027977 0.010444644895768936 0.010088766925198007 0.009970058062501432 0.009237219383143256 0.009024679327102686 0.008901813430710346 0.007513578357109149 0.007031912406404518 0.006922074073259846 0.006540703978787779 0.0064892981477669715 0.006444533260891574 0.00624385124888001 0.006085533624026723 0.0059373527257344585 0.005705549497634613 0.005026194692486745 0.004754811621202661 0.004729967335949597 0.004452006681321619 0.004158289933840144 0.00408011400919082 0.003986294151429306 0.003884750328048535 0.0038002414966548195 0.0037976308183010924 0.0036860058298956973 0.00361576162659872 0.0036002859434613836 0.003505866596507641 0.003372480289846248 0.003022914643212668 0.0030000231801161773 0.0029452884079759537 0.0028812437831500135 0.00285549579935368 0.002733288905175782 0.0025839005027124573 0.0024650545751896723 0.0024249324586596986 0.0024188449780064942 0.0024065693712423675 0.002172777439237913 0.0021085651139438845 0.0020636970016846543 0.0019239330685603348 0.0017510139081614452 0.001717147699635149 0.0017035110246659403 0.0016859931995964418 0.0016621506117363472 0.001637115968268688 0.0015113384900941403 0.0015077244537293941 0.0014615594745712268 0.001426693794232865 0.0013762522704027537 0.0013337713238440647 0.0013219285501606401 0.0013024347172571134 0.0012764473753953212 0.0012340424471996582 0.0012144740351287115 0.0011616681430173064 0.0011282586862316184 0.0011014142880812123 0.001094473635306776 0.001089597209332927 0.0010674614426052205 0.0010431753251099638 0.0010085899510108899 0.0010084694853674224 0.0009947802119859175 0.0009809720875509334 0.0009682486931884459 0.0009391031237359727 0.0009353357885472734 0.0009210143876269513 0.0009206077728683813 0.000904024363672842 0.0008654477915465489 0.0008523892929038123 0.0008477765597572127 0.0007585597688834726 0.0007578382360596843 0.0007514022116065593 0.0007135226984024411 0.0006485607530393847 0.0006195847535768201 0.0006186320221418583 0.0006013530464183993 0.0005530813858810694 0.0005322467520359244 0.0005301555479939791 0.000521257720901057 0.0005106121380961948 0.0005099740215942844 0.0005038456311916168 0.0004995555745269132 0.0004964356527416159 0.00048739047937279545 0.00048247604950326804 0.0004747669601203275 0.0004628259277459005 0.00046229971568739455 0.00046158650005306704 0.00045508254034869487 0.0004469480441159294 0.00043758169975101444 0.0004266264527222882 0.00042656520307772473 0.0004264594305493636 0.00039752318708866536 0.00039293892576933826 0.0003742942575025501 0.00037329181180867274 0.00036818698240071313 0.0003545142932250079 0.0003360613378875341 0.0003339196894090468 0.00032995660136282 0.0003278374618423022 0.00032444976982708276 0.0003105984217014265 0.00030213621047640193 0.0002970888044075783 0.00029556347097578755 0.000292460480790468 0.00029061669640861946 0.00026822822677328913 0.0002592467082688674 0.0002587646894561203 0.0002586795581223219 0.000248361854169621 0.0002474328972501781 0.0002446527870284816 0.00024107130200956968 0.0002366074445449017 0.00023242439403194288 0.00022335214345510843 0.0002231585044284812 0.00021734175629164448 0.00021026417368044675 0.00020793864855882013 0.0002048377971777384 0.00019723458839545954 0.0001956380335648415 0.0001903126822150235 0.0001886276380321189 0.00018794841594177366 0.00018636479597457077 0.0001851890948469026 0.00018086077040197518 0.0001788193638551332 0.00017191748125715774 0.00016660889336611137 0.00016219870051956223 0.00016176605786045615 0.00016139216943474618 0.00015522547835182684 0.00014969286230263329 0.0001449496944456826 0.00013991373013321355 0.00013880469097555723 0.00013835309763868636 0.0001377249988872837 0.00013731465210267327 0.00013325489519265465 0.0001320686702618136 0.0001304740647230415 0.00013002331155463504 0.00012938576408409985 0.00012891105108373422 0.00012277941425458782 0.00011723539751397745 0.00011120322311424997 0.00010998023764761956 0.00010676487803283924 0.0001066073222229141 0.00010556431124423836 0.00010052759554030657 9.731733186187062e-05 9.547476844497256e-05 9.287372924483573e-05 9.082623985045941e-05 8.591844942159347e-05 8.577902618152977e-05 8.466848137358125e-05 8.443952635781275e-05 8.244366551537425e-05 8.201376079422428e-05 8.183562933046565e-05 8.162216991304893e-05 7.887871960775626e-05 7.795673460898014e-05 7.747864722974694e-05 7.745390603316156e-05 7.695864470503312e-05 7.554135842121915e-05 7.284772221179384e-05 7.23808322933338e-05 7.035737433635071e-05 6.850022436489504e-05 6.730046909963202e-05 6.512291793867603e-05 6.479411118151823e-05 6.402373916540698e-05 6.0844134646183745e-05 6.0810205734575245e-05 5.937597119014315e-05 5.924102609293739e-05 5.7212155150124045e-05 5.6003547124061564e-05 5.597191516262342e-05 5.5577851916618806e-05 5.400296620828638e-05 5.257294568202196e-05 5.1668454263946846e-05 5.0840890525976136e-05 4.843807696018441e-05 4.8115063535082044e-05 4.7774463025137966e-05 4.5541097279927525e-05 4.480171188371471e-05 4.3728265324548125e-05 4.312706231828059e-05 4.271743737359315e-05 4.2175703203492264e-05 4.211769713056575e-05 4.209972014245629e-05 4.2002950021758034e-05 4.047754689454116e-05 3.84506609601072e-05 3.757770330995416e-05 3.7527223656525065e-05 3.705034776309538e-05 3.631505045824061e-05 3.5510880339106304e-05 3.4733952092323195e-05 3.4203818356160795e-05 3.416394766694957e-05 3.1630239743450915e-05 3.043139055727139e-05 2.9637614363652123e-05 2.9004836578302104e-05 2.887179093279127e-05 2.8858308224859637e-05 2.790951071589149e-05 2.7836990310175026e-05 2.7415566029790524e-05 2.659689346149262e-05 2.628243167467443e-05 2.553368308641361e-05 2.549677581055953e-05 2.4839764651163836e-05 2.3342613012758804e-05 2.3018197852311363e-05 2.3013612598833427e-05 2.287458247646492e-05 2.2854651279067594e-05 2.2737658438690658e-05 2.2656268592159132e-05 2.201673731719367e-05 2.1858692768732276e-05 2.176464933833722e-05 2.142325593324114e-05 2.100574806303278e-05 2.099807447649923e-05 2.0658737917964872e-05 2.05116791475366e-05 2.0501114887769636e-05 2.0372122106676906e-05 2.0157053328250707e-05 1.909335409365798e-05 1.8733772266018476e-05 1.8678669452659475e-05 1.8484750056700748e-05 1.8407988376005905e-05 1.8331461995384607e-05 1.802780847501097e-05 1.7970218302022122e-05 1.779277820793221e-05 1.640217067456248e-05 1.6342926939732474e-05 1.6018286813892536e-05 1.5237652043541437e-05 1.5188712033628904e-05 1.5032268633601537e-05 1.477705524285591e-05 1.444563151562239e-05 1.4262592169891402e-05 1.4016194786284676e-05 1.231791791913372e-05 1.1960766143578288e-05 1.135234821575649e-05 1.1212670830196538e-05 1.0930670163496066e-05 1.0542009860009654e-05 1.0417649943740348e-05 1.0297611835406654e-05 9.34560435900663e-06 9.278903416594315e-06 9.199821649143115e-06 9.100682214859067e-06 9.09866586588884e-06 8.836116176407227e-06 8.82987744787924e-06 8.569028111566266e-06 8.450460469061461e-06 8.263131620531635e-06 8.177462238438347e-06 7.963368879628986e-06 7.849104970326167e-06 7.711727274379066e-06 7.66218842286062e-06 7.650814539541249e-06 7.599489430473012e-06 7.557242365992379e-06 7.376158624208739e-06 7.360483300113683e-06 7.35596406290441e-06 7.082097562037191e-06 6.829214123516266e-06 6.785987035459275e-06 6.756651617144208e-06 6.658599873899745e-06 6.205948976642697e-06 6.101115622879484e-06 6.088308023239414e-06 5.790522184046584e-06 5.401673440570482e-06 5.34976033404132e-06 5.347514483712608e-06 5.138573806946787e-06 4.90209995962166e-06 4.84963308112312e-06 4.791755233433332e-06 4.721839723950715e-06 4.69344006717443e-06 4.64971551634745e-06 4.4922285006553075e-06 4.47482241290427e-06 4.396396570747031e-06 4.296843137655257e-06 3.6892531689478755e-06 3.6733126971987036e-06 3.3778714681698125e-06 3.225128581741048e-06 3.1564056973785684e-06 3.1491231673516084e-06 3.1331141916236878e-06 3.0563833903228667e-06 3.044598286034439e-06 2.9153423468981047e-06 2.899596534124308e-06 2.7667220601498436e-06 2.7318586799253053e-06 2.689564233684963e-06 2.681745741966095e-06 2.6759920554929393e-06 2.474569501332043e-06 2.4638775578679636e-06 2.4300227711385104e-06 2.3776224681594617e-06 2.373829873455036e-06 2.280224856188144e-06 2.2197116629124314e-06 2.1909227330999023e-06 2.132324000136288e-06 2.132307848549187e-06 2.121173822019231e-06 2.014072203157064e-06 1.9455424998977655e-06 1.9069255175233743e-06 1.887934240681236e-06 1.8755291935351533e-06 1.8554026005691254e-06 1.8528218647155982e-06 1.8449281312724545e-06 1.8001871330409197e-06 1.7268113076069933e-06 1.7140415350529675e-06 1.7055307454021198e-06 1.5237449947401783e-06 1.5130031482778642e-06 1.3970338252911059e-06 1.3821278284511154e-06 1.282845670799884e-06 1.2680924485573283e-06 1.2386618547924897e-06 1.2103046702575167e-06 1.0303768214003262e-06 9.118966538701002e-07 8.865191486371649e-07 8.86460221603608e-07 8.561141096707625e-07 8.55262159412388e-07 8.007538769368047e-07 7.652947389945559e-07 7.585625638195781e-07 7.477631761293223e-07 6.55042415658937e-07 6.350531494999184e-07 6.345331313710955e-07 5.902476557607978e-07 5.667545252177338e-07 5.643205732182047e-07 5.46445273898096e-07 5.270205129017965e-07 5.216750387077071e-07 5.119071916238333e-07 4.5279876313882896e-07 4.132395566271136e-07 3.6344974611437377e-07 3.588435669715216e-07 3.5877340729744594e-07 3.5874066046172164e-07 3.480977003313769e-07 3.3145678179437365e-07 2.7882003430947685e-07 2.7818547927217243e-07 2.5473681181338143e-07 2.4913988063169923e-07 2.4864033991489156e-07 2.1771961842110363e-07 2.1331586455022282e-07 1.9903261335541013e-07 1.9810299432089786e-07 1.955866304267362e-07 1.955289487184433e-07 1.7924572066574204e-07 1.7872256136665423e-07 1.744273997408612e-07 1.7438728005121245e-07 1.6226977115304313e-07 1.509462907770018e-07 7.523831780349731e-08 7.514859104516567e-08 6.776517508251719e-08 5.658563369066003e-08 4.1247389201994336e-08 4.044310155359106e-08 2.4435959946506284e-08 2.415244395046383e-08 1.968616601029042e-08 1.9622149252780443e-08 1.942912890111296e-08 1.9368612187236906e-08 2.1687135767708435e-09
## eigenvalues of T0123v imag 0.0 0.0 0.0 0.0 0.0 0.0 0.0 0.0 0.0 0.0 0.0 0.0 0.0 0.0 0.0 0.0 0.0 0.0 0.0 0.0 0.0 0.0 0.0 0.0 0.0 0.0 0.0 0.0 0.0 0.0 0.0 0.0 0.0 0.0 0.0 0.0 0.0 0.0 0.0 0.0 0.0 0.0 0.0 0.0 0.0 0.0 0.0 0.0 0.0 0.0 0.0 0.0 0.0 0.0 0.0 0.0 0.0 0.0 0.0 0.0 0.0 0.0 0.0 0.0 0.0 0.0 0.0 0.0 0.0 0.0 0.0 0.0 0.0 0.0 0.0 0.0 0.0 0.0 0.0 0.0 0.0 0.0 0.0 0.0 0.0 0.0 0.0 0.0 0.0 0.0 0.0 0.0 0.0 0.0 0.0 0.0 0.0 0.0 0.0 0.0 0.0 0.0 0.0 0.0 0.0 0.0 0.0 0.0 0.0 0.0 0.0 0.0 0.0 0.0 0.0 0.0 0.0 0.0 0.0 0.0 0.0 0.0 0.0 0.0 0.0 0.0 0.0 0.0 0.0 0.0 0.0 0.0 0.0 0.0 0.0 0.0 0.0 0.0 0.0 0.0 0.0 0.0 0.0 0.0 0.0 0.0 0.0 0.0 0.0 0.0 0.0 0.0 0.0 0.0 0.0 0.0 0.0 0.0 0.0 0.0 0.0 0.0 0.0 0.0 0.0 0.0 0.0 0.0 0.0 0.0 0.0 0.0 0.0 0.0 0.0 0.0 0.0 0.0 0.0 0.0 0.0 0.0 0.0 0.0 0.0 0.0 0.0 0.0 0.0 0.0 0.0 0.0 0.0 0.0 0.0 0.0 0.0 0.0 0.0 0.0 0.0 0.0 0.0 0.0 0.0 0.0 0.0 0.0 0.0 0.0 0.0 0.0 0.0 0.0 0.0 0.0 0.0 0.0 0.0 0.0 0.0 0.0 0.0 0.0 0.0 0.0 0.0 0.0 0.0 0.0 0.0 0.0 0.0 0.0 0.0 0.0 0.0 0.0 0.0 0.0 0.0 0.0 0.0 0.0 0.0 0.0 0.0 0.0 0.0 0.0 0.0 0.0 0.0 0.0 0.0 0.0 0.0 0.0 0.0 0.0 0.0 0.0 0.0 0.0 0.0 0.0 0.0 0.0 0.0 0.0 0.0 0.0 0.0 0.0 0.0 0.0 0.0 0.0 0.0 0.0 0.0 0.0 0.0 0.0 0.0 0.0 0.0 0.0 0.0 0.0 0.0 0.0 0.0 0.0 0.0 0.0 0.0 0.0 0.0 0.0 0.0 0.0 0.0 0.0 0.0 0.0 0.0 0.0 0.0 0.0 0.0 0.0 0.0 0.0 0.0 0.0 0.0 0.0 0.0 0.0 0.0 0.0 0.0 0.0 0.0 0.0 0.0 0.0 0.0 0.0 0.0 0.0 0.0 0.0 0.0 0.0 0.0 0.0 0.0 0.0 0.0 0.0 0.0 0.0 0.0 0.0 0.0 0.0 0.0 0.0 0.0 0.0 0.0 0.0 0.0 0.0 0.0 0.0 0.0 0.0 0.0 0.0 0.0 0.0 0.0 0.0 0.0 0.0 0.0 0.0 0.0 0.0 0.0 0.0 0.0 0.0 0.0 0.0 0.0 0.0 0.0 0.0 0.0 0.0 0.0 0.0 0.0 0.0 0.0 0.0 0.0 0.0 0.0 0.0 0.0 0.0 0.0 0.0 0.0 0.0 0.0 0.0 0.0 0.0 0.0 0.0 0.0 0.0 0.0 0.0 0.0 0.0 0.0 0.0 0.0 0.0 0.0 0.0 0.0 0.0 0.0 0.0 0.0 0.0 0.0 0.0 0.0 0.0 0.0 0.0 0.0 0.0 0.0 0.0 0.0 0.0 0.0 0.0 0.0 0.0 0.0 0.0 0.0 0.0 0.0 0.0 0.0 0.0 0.0 0.0 0.0 0.0 0.0 0.0 0.0 0.0 0.0 0.0 0.0 0.0 0.0 0.0 0.0 0.0 0.0 0.0 0.0 0.0 0.0 0.0 0.0 0.0 0.0 0.0 0.0 0.0 0.0 0.0 0.0 0.0 0.0 0.0 0.0 0.0
## eigenvalues of T0123v imag max 0.0
## hx,i,norm,mx,my,mz,sqrt(sum m^2)  1.55 0 (1.1095203963498195+0j) 0.4596907561590706 0.0 -1.0782718698568721e-06 0.4596907561603353
## hx,i,norm,mx,my,mz,sqrt(sum m^2)  1.55 1 (1.1095203963498208+0j) 0.4596907561590705 0.0 -1.0782718678556045e-06 0.4596907561603351
## hx,num,norm_x,norm_y,xx[0],xx[1],yy[0],yy[1],zz[0],zz[1]  1.55 0 (1.164489777120516+0j) (1.1644916237157856+0j) 0.21895614397021348 0.21895434024630497 -0.034877481542454625 -0.03487206265967496 0.05431030073077833 0.05430566954148026
## hx,num,norm_x,norm_y,xx[0],xx[1],yy[0],yy[1],zz[0],zz[1]  1.55 1 (1.1644910022515802+0j) (1.1644917011979088+0j) 0.2189551608407203 0.21895460682138967 -0.034874625821996755 -0.034872827335819284 0.054307671985985524 0.054306394862810636
1.55 -0.8211356906070868 0.45969075616033517 -0.054308986358381925 -0.05430603220214544
## hx,mx,mz0mz1 1.55 0.45969075615907057 0.054307509280263684
## time simple update= 2.14576721191e-06
## time full update= 0.0
## time environment= 2.32432413101
## time observable= 0.0591349601746
