## Logs: seed = 11
## Logs: Jxy = 0.0
## Logs: Jz = -1.0
## Logs: hx = 1.55
## Logs: tau = 0.0128
## Logs: tau_step = 0
## Logs: tau_full = 0.01
## Logs: tau_full_step = 0
## Logs: second_ST = True
## Logs: initial_type = -1
## Logs: input_file = input_Tn.npz
## Logs: output_file = output
### CTM: count to convergence, sig_max =  7 3.0349287749340276e-07
## np.allclose(T0123h,T0123h.T,rtol=1e-6,atol=1e-6) True
## eigenvalues of T0123h abs 1.0284616950628207 0.19151956905515605 0.15842888807904695 0.11559968782640798 0.07517582492850348 0.045491121768117086 0.028923901473770934 0.028664529581299465 0.01721275290021664 0.0170515115051425 0.009618044775308315 0.00938763065235874 0.008796578227635615 0.007809272888330657 0.0066375788603468275 0.0053954028363106055 0.004881553647487813 0.003627324165161887 0.003393974568828387 0.0019552177319548053 0.001538889513984528 0.0013680916769930683 0.001344455514279806 0.0009141859690110997 0.0008263493773386632 0.0008217711361614316 0.0007559350420672679 0.0007260293424732739 0.0007167446133010197 0.0007078842531790022 0.0005525724427855626 0.0004803827294112105 0.00034108288134049997 0.0003072755064304787 0.0003029736927959739 0.00028099581915419204 0.00015722573010834283 0.00012385581394757717 8.563355814406429e-05 8.534734614474323e-05 7.799529128045748e-05 7.723055238110934e-05 6.450100740041992e-05 6.33684464579611e-05 6.235452441995084e-05 6.19007425772783e-05 6.088975370336751e-05 4.346922969042625e-05 3.4588062213611787e-05 3.105274315892795e-05 2.417842509338718e-05 1.859055951085575e-05 6.826523152994907e-06 6.774639881041267e-06 6.743538707076102e-06 6.717555511750432e-06 5.653697967276762e-06 4.4227996510314604e-06 4.413859308739655e-06 3.588750948627561e-06 7.513368124826405e-07 4.89186937759442e-07 4.880896260884229e-07 3.154405532918215e-07 0.0 0.0 0.0 0.0 0.0 0.0 0.0 0.0 0.0 0.0 0.0 0.0 0.0 0.0 0.0 0.0 0.0 0.0 0.0 0.0 0.0 0.0 0.0 0.0 0.0 0.0 0.0 0.0 0.0 0.0 0.0 0.0 0.0 0.0 0.0 0.0
## eigenvalues of T0123h real 1.0284616950628207 0.19151956905515605 0.15842888807904695 0.11559968782640798 0.07517582492850348 0.045491121768117086 0.028923901473770934 0.028664529581299465 0.01721275290021664 0.0170515115051425 0.009618044775308315 0.00938763065235874 0.008796578227635615 0.007809272888330657 0.0066375788603468275 0.0053954028363106055 0.004881553647487813 0.003627324165161887 0.003393974568828387 0.0019552177319548053 0.001538889513984528 0.0013680916769930683 0.001344455514279806 0.0009141859690110997 0.0008263493773386632 0.0008217711361614316 0.0007559350420672679 0.0007260293424732739 0.0007167446133010197 0.0007078842531790022 0.0005525724427855626 0.0004803827294112105 0.00034108288134049997 0.0003072755064304787 0.0003029736927959739 0.00028099581915419204 0.00015722573010834283 0.00012385581394757717 8.563355814406429e-05 8.534734614474323e-05 7.799529128045748e-05 7.723055238110934e-05 6.450100740041992e-05 6.33684464579611e-05 6.235452441995084e-05 6.19007425772783e-05 6.088975370336751e-05 4.346922969042625e-05 3.4588062213611787e-05 3.105274315892795e-05 2.417842509338718e-05 1.859055951085575e-05 6.826523152994907e-06 6.774639881041267e-06 6.743538707076102e-06 6.717555511750432e-06 5.653697967276762e-06 4.4227996510314604e-06 4.413859308739655e-06 3.588750948627561e-06 7.513368124826405e-07 4.89186937759442e-07 4.880896260884229e-07 3.154405532918215e-07 0.0 0.0 0.0 0.0 0.0 0.0 0.0 0.0 0.0 0.0 0.0 0.0 0.0 0.0 0.0 0.0 0.0 0.0 0.0 0.0 0.0 0.0 0.0 0.0 0.0 0.0 0.0 0.0 0.0 0.0 0.0 0.0 0.0 0.0 0.0 0.0
## eigenvalues of T0123h imag 0.0 0.0 0.0 0.0 0.0 0.0 0.0 0.0 0.0 0.0 0.0 0.0 0.0 0.0 0.0 0.0 0.0 0.0 0.0 0.0 0.0 0.0 0.0 0.0 0.0 0.0 0.0 0.0 0.0 0.0 0.0 0.0 0.0 0.0 0.0 0.0 0.0 0.0 0.0 0.0 0.0 0.0 0.0 0.0 0.0 0.0 0.0 0.0 0.0 0.0 0.0 0.0 0.0 0.0 0.0 0.0 0.0 0.0 0.0 0.0 0.0 0.0 0.0 0.0 0.0 0.0 0.0 0.0 0.0 0.0 0.0 0.0 0.0 0.0 0.0 0.0 0.0 0.0 0.0 0.0 0.0 0.0 0.0 0.0 0.0 0.0 0.0 0.0 0.0 0.0 0.0 0.0 0.0 0.0 0.0 0.0 0.0 0.0 0.0 0.0
## eigenvalues of T0123h imag max 0.0
## np.allclose(T0123v,T0123v.T,rtol=1e-6,atol=1e-6) True
## eigenvalues of T0123v abs 1.0284595145319226 0.19151187254605465 0.15842168071027712 0.11559325874891263 0.07517039846713734 0.045486769693719696 0.028920410896801984 0.028662107271776063 0.01721102778890611 0.017049751103811094 0.009616794398877183 0.009382613464077804 0.008795443107147775 0.007808251147434277 0.00663335127685507 0.00539453955918213 0.004880761969203471 0.003626670432320586 0.003393407324467515 0.0019549027977633156 0.001538541465196821 0.0013672605477304998 0.0013436419947138224 0.000914002405436005 0.0008257891731442588 0.0008212212045244333 0.0007557816729081675 0.0007255589186846628 0.0007165996145411561 0.0007074212838499797 0.0005522350217701066 0.0004801202975469132 0.00034099562235105353 0.00030706370593883966 0.00030276489829930296 0.0002809211930342412 0.00015712146694448438 0.00012376467577777922 8.558025660181665e-05 8.529438600317859e-05 7.793911966131174e-05 7.71745812254683e-05 6.445555126612755e-05 6.332252532166545e-05 6.230921417690202e-05 6.184827041826995e-05 6.0858072742945455e-05 4.343897588639729e-05 3.4562248500013595e-05 3.102867195817705e-05 2.4160955606791376e-05 1.8578247284667014e-05 6.818162171588981e-06 6.766376266553013e-06 6.738142646825399e-06 6.712182134171984e-06 5.647454001337484e-06 4.419534942235875e-06 4.410600048360983e-06 3.5842106330058956e-06 7.503736732975284e-07 4.885754335711629e-07 4.874799465942982e-07 3.1506017243318933e-07 0.0 0.0 0.0 0.0 0.0 0.0 0.0 0.0 0.0 0.0 0.0 0.0 0.0 0.0 0.0 0.0 0.0 0.0 0.0 0.0 0.0 0.0 0.0 0.0 0.0 0.0 0.0 0.0 0.0 0.0 0.0 0.0 0.0 0.0 0.0 0.0
## eigenvalues of T0123v real 1.0284595145319226 0.19151187254605465 0.15842168071027712 0.11559325874891263 0.07517039846713734 0.045486769693719696 0.028920410896801984 0.028662107271776063 0.01721102778890611 0.017049751103811094 0.009616794398877183 0.009382613464077804 0.008795443107147775 0.007808251147434277 0.00663335127685507 0.00539453955918213 0.004880761969203471 0.003626670432320586 0.003393407324467515 0.0019549027977633156 0.001538541465196821 0.0013672605477304998 0.0013436419947138224 0.000914002405436005 0.0008257891731442588 0.0008212212045244333 0.0007557816729081675 0.0007255589186846628 0.0007165996145411561 0.0007074212838499797 0.0005522350217701066 0.0004801202975469132 0.00034099562235105353 0.00030706370593883966 0.00030276489829930296 0.0002809211930342412 0.00015712146694448438 0.00012376467577777922 8.558025660181665e-05 8.529438600317859e-05 7.793911966131174e-05 7.71745812254683e-05 6.445555126612755e-05 6.332252532166545e-05 6.230921417690202e-05 6.184827041826995e-05 6.0858072742945455e-05 4.343897588639729e-05 3.4562248500013595e-05 3.102867195817705e-05 2.4160955606791376e-05 1.8578247284667014e-05 6.818162171588981e-06 6.766376266553013e-06 6.738142646825399e-06 6.712182134171984e-06 5.647454001337484e-06 4.419534942235875e-06 4.410600048360983e-06 3.5842106330058956e-06 7.503736732975284e-07 4.885754335711629e-07 4.874799465942982e-07 3.1506017243318933e-07 0.0 0.0 0.0 0.0 0.0 0.0 0.0 0.0 0.0 0.0 0.0 0.0 0.0 0.0 0.0 0.0 0.0 0.0 0.0 0.0 0.0 0.0 0.0 0.0 0.0 0.0 0.0 0.0 0.0 0.0 0.0 0.0 0.0 0.0 0.0 0.0
## eigenvalues of T0123v imag 0.0 0.0 0.0 0.0 0.0 0.0 0.0 0.0 0.0 0.0 0.0 0.0 0.0 0.0 0.0 0.0 0.0 0.0 0.0 0.0 0.0 0.0 0.0 0.0 0.0 0.0 0.0 0.0 0.0 0.0 0.0 0.0 0.0 0.0 0.0 0.0 0.0 0.0 0.0 0.0 0.0 0.0 0.0 0.0 0.0 0.0 0.0 0.0 0.0 0.0 0.0 0.0 0.0 0.0 0.0 0.0 0.0 0.0 0.0 0.0 0.0 0.0 0.0 0.0 0.0 0.0 0.0 0.0 0.0 0.0 0.0 0.0 0.0 0.0 0.0 0.0 0.0 0.0 0.0 0.0 0.0 0.0 0.0 0.0 0.0 0.0 0.0 0.0 0.0 0.0 0.0 0.0 0.0 0.0 0.0 0.0 0.0 0.0 0.0 0.0
## eigenvalues of T0123v imag max 0.0
## hx,i,norm,mx,my,mz,sqrt(sum m^2)  1.55 0 (1.0407539487135162+0j) 0.46117765043414943 0.0 -0.05569409260375503 0.4645284245457087
## hx,i,norm,mx,my,mz,sqrt(sum m^2)  1.55 1 (1.0407539487135151+0j) 0.4611776504341503 0.0 -0.05569409260375397 0.4645284245457095
## hx,num,norm_x,norm_y,xx[0],xx[1],yy[0],yy[1],zz[0],zz[1]  1.55 0 (1.061140966609893+0j) (1.0611393717194502+0j) 0.22020407901713418 0.22020600520098366 -0.035024742723942195 -0.035030617131107826 0.05299234147442948 0.052997384891327055
## hx,num,norm_x,norm_y,xx[0],xx[1],yy[0],yy[1],zz[0],zz[1]  1.55 1 (1.0611403593560143+0j) (1.06113970442883+0j) 0.220204536003331 0.22020508607756806 -0.03502608532087815 -0.03502793866289794 0.05299360995390115 0.05299486422481586
1.55 -0.8208144584451691 0.4645284245457091 -0.052992975714165315 -0.052996124558071456
## hx,mx,mz0mz1 1.55 0.4611776504341499 0.05299455013611838
## time simple update= 9.53674316406e-07
## time full update= 0.0
## time environment= 0.142874956131
## time observable= 0.00819706916809
