## Logs: seed = 11
## Logs: Jxy = 0.0
## Logs: Jz = -1.0
## Logs: hx = 1.55
## Logs: tau = 0.0128
## Logs: tau_step = 0
## Logs: tau_full = 0.01
## Logs: tau_full_step = 0
## Logs: second_ST = True
## Logs: initial_type = -1
## Logs: input_file = input_Tn.npz
## Logs: output_file = output
### CTM: count to convergence, sig_max =  7 3.034928774668904e-07
## np.allclose(T0123h,T0123h.T,rtol=1e-6,atol=1e-6) True
## eigenvalues of T0123h abs 1.0284616950628225 0.19151956905515466 0.15842888807904323 0.11559968782640531 0.07517582492850163 0.045491121768116274 0.028923901473770785 0.028664529581298642 0.01721275290021611 0.017051511505141836 0.009618044775308018 0.009387630652358769 0.008796578227635285 0.007809272888330388 0.006637578860346842 0.005395402836310474 0.004881553647487626 0.003627324165161777 0.0033939745688283066 0.0019552177319547095 0.0015388895139845057 0.0013680916769930973 0.0013444555142798193 0.0009141859690110468 0.0008263493773388876 0.0008217711361616097 0.000755935042067229 0.0007260293424732624 0.0007167446133009928 0.0007078842531790244 0.0005525724427855612 0.0004803827294112114 0.0003410828813404851 0.00030727550643047565 0.0003029736927959711 0.0002809958191541806 0.00015722573010838744 0.00012385581394761214 8.5633558144062e-05 8.534734614473998e-05 7.799529128047931e-05 7.72305523811309e-05 6.45010074004189e-05 6.336844645795907e-05 6.235452441994942e-05 6.190074257727739e-05 6.088975370336491e-05 4.3469229690425554e-05 3.458806221362158e-05 3.105274315893692e-05 2.4178425093386755e-05 1.8590559510855273e-05 6.826523152996866e-06 6.774639881043236e-06 6.743538707077957e-06 6.717555511752208e-06 5.6536979672767e-06 4.422799651031312e-06 4.4138593087390434e-06 3.588750948627524e-06 7.513368124829763e-07 4.891869377595885e-07 4.880896260885456e-07 3.1544055329158846e-07 0.0 0.0 0.0 0.0 0.0 0.0 0.0 0.0 0.0 0.0 0.0 0.0 0.0 0.0 0.0 0.0 0.0 0.0 0.0 0.0 0.0 0.0 0.0 0.0 0.0 0.0 0.0 0.0 0.0 0.0 0.0 0.0 0.0 0.0 0.0 0.0 0.0 0.0 0.0 0.0 0.0 0.0 0.0 0.0 0.0 0.0 0.0 0.0 0.0 0.0 0.0 0.0 0.0 0.0 0.0 0.0 0.0 0.0 0.0 0.0 0.0 0.0 0.0 0.0 0.0 0.0 0.0 0.0 0.0 0.0 0.0 0.0 0.0 0.0 0.0 0.0 0.0 0.0 0.0 0.0 0.0 0.0 0.0 0.0 0.0 0.0 0.0 0.0 0.0 0.0 0.0 0.0 0.0 0.0 0.0 0.0 0.0 0.0 0.0 0.0 0.0 0.0 0.0 0.0 0.0 0.0 0.0 0.0 0.0 0.0 0.0 0.0 0.0 0.0 0.0 0.0 0.0 0.0 0.0 0.0 0.0 0.0 0.0 0.0 0.0 0.0 0.0 0.0 0.0 0.0 0.0 0.0
## eigenvalues of T0123h real 1.0284616950628225 0.19151956905515466 0.15842888807904323 0.11559968782640531 0.07517582492850163 0.045491121768116274 0.028923901473770785 0.028664529581298642 0.01721275290021611 0.017051511505141836 0.009618044775308018 0.009387630652358769 0.008796578227635285 0.007809272888330388 0.006637578860346842 0.005395402836310474 0.004881553647487626 0.003627324165161777 0.0033939745688283066 0.0019552177319547095 0.0015388895139845057 0.0013680916769930973 0.0013444555142798193 0.0009141859690110468 0.0008263493773388876 0.0008217711361616097 0.000755935042067229 0.0007260293424732624 0.0007167446133009928 0.0007078842531790244 0.0005525724427855612 0.0004803827294112114 0.0003410828813404851 0.00030727550643047565 0.0003029736927959711 0.0002809958191541806 0.00015722573010838744 0.00012385581394761214 8.5633558144062e-05 8.534734614473998e-05 7.799529128047931e-05 7.72305523811309e-05 6.45010074004189e-05 6.336844645795907e-05 6.235452441994942e-05 6.190074257727739e-05 6.088975370336491e-05 4.3469229690425554e-05 3.458806221362158e-05 3.105274315893692e-05 2.4178425093386755e-05 1.8590559510855273e-05 6.826523152996866e-06 6.774639881043236e-06 6.743538707077957e-06 6.717555511752208e-06 5.6536979672767e-06 4.422799651031312e-06 4.4138593087390434e-06 3.588750948627524e-06 7.513368124829763e-07 4.891869377595885e-07 4.880896260885456e-07 3.1544055329158846e-07 0.0 0.0 0.0 0.0 0.0 0.0 0.0 0.0 0.0 0.0 0.0 0.0 0.0 0.0 0.0 0.0 0.0 0.0 0.0 0.0 0.0 0.0 0.0 0.0 0.0 0.0 0.0 0.0 0.0 0.0 0.0 0.0 0.0 0.0 0.0 0.0 0.0 0.0 0.0 0.0 0.0 0.0 0.0 0.0 0.0 0.0 0.0 0.0 0.0 0.0 0.0 0.0 0.0 0.0 0.0 0.0 0.0 0.0 0.0 0.0 0.0 0.0 0.0 0.0 0.0 0.0 0.0 0.0 0.0 0.0 0.0 0.0 0.0 0.0 0.0 0.0 0.0 0.0 0.0 0.0 0.0 0.0 0.0 0.0 0.0 0.0 0.0 0.0 0.0 0.0 0.0 0.0 0.0 0.0 0.0 0.0 0.0 0.0 0.0 0.0 0.0 0.0 0.0 0.0 0.0 0.0 0.0 0.0 0.0 0.0 0.0 0.0 0.0 0.0 0.0 0.0 0.0 0.0 0.0 0.0 0.0 0.0 0.0 0.0 0.0 0.0 0.0 0.0 0.0 0.0 0.0 0.0
## eigenvalues of T0123h imag 0.0 0.0 0.0 0.0 0.0 0.0 0.0 0.0 0.0 0.0 0.0 0.0 0.0 0.0 0.0 0.0 0.0 0.0 0.0 0.0 0.0 0.0 0.0 0.0 0.0 0.0 0.0 0.0 0.0 0.0 0.0 0.0 0.0 0.0 0.0 0.0 0.0 0.0 0.0 0.0 0.0 0.0 0.0 0.0 0.0 0.0 0.0 0.0 0.0 0.0 0.0 0.0 0.0 0.0 0.0 0.0 0.0 0.0 0.0 0.0 0.0 0.0 0.0 0.0 0.0 0.0 0.0 0.0 0.0 0.0 0.0 0.0 0.0 0.0 0.0 0.0 0.0 0.0 0.0 0.0 0.0 0.0 0.0 0.0 0.0 0.0 0.0 0.0 0.0 0.0 0.0 0.0 0.0 0.0 0.0 0.0 0.0 0.0 0.0 0.0 0.0 0.0 0.0 0.0 0.0 0.0 0.0 0.0 0.0 0.0 0.0 0.0 0.0 0.0 0.0 0.0 0.0 0.0 0.0 0.0 0.0 0.0 0.0 0.0 0.0 0.0 0.0 0.0 0.0 0.0 0.0 0.0 0.0 0.0 0.0 0.0 0.0 0.0 0.0 0.0 0.0 0.0 0.0 0.0 0.0 0.0 0.0 0.0 0.0 0.0 0.0 0.0 0.0 0.0 0.0 0.0 0.0 0.0 0.0 0.0 0.0 0.0 0.0 0.0 0.0 0.0 0.0 0.0 0.0 0.0 0.0 0.0 0.0 0.0 0.0 0.0 0.0 0.0 0.0 0.0 0.0 0.0 0.0 0.0 0.0 0.0 0.0 0.0 0.0 0.0 0.0 0.0 0.0 0.0 0.0 0.0
## eigenvalues of T0123h imag max 0.0
## np.allclose(T0123v,T0123v.T,rtol=1e-6,atol=1e-6) True
## eigenvalues of T0123v abs 1.0284595145319226 0.19151187254605448 0.15842168071027446 0.11559325874890947 0.07517039846713511 0.04548676969371913 0.02892041089680198 0.028662107271775834 0.017211027788905597 0.017049751103810597 0.009616794398877016 0.0093826134640778 0.008795443107147244 0.007808251147434128 0.0066333512768550614 0.005394539559182077 0.00488076196920338 0.003626670432320459 0.0033934073244674292 0.001954902797763295 0.001538541465196797 0.0013672605477305065 0.001343641994713818 0.0009140024054359811 0.000825789173144378 0.0008212212045245201 0.0007557816729081453 0.0007255589186846448 0.0007165996145411467 0.0007074212838499855 0.0005522350217700996 0.000480120297546916 0.00034099562235105055 0.00030706370593883777 0.00030276489829930155 0.00028092119303423834 0.00015712146694450775 0.00012376467577779644 8.558025660181631e-05 8.529438600317704e-05 7.793911966132119e-05 7.717458122547876e-05 6.445555126612718e-05 6.332252532166512e-05 6.230921417690206e-05 6.184827041826833e-05 6.085807274294459e-05 4.343897588639585e-05 3.45622485000185e-05 3.102867195818154e-05 2.4160955606790888e-05 1.857824728466699e-05 6.818162171589966e-06 6.766376266553997e-06 6.738142646826427e-06 6.712182134172988e-06 5.647454001337507e-06 4.419534942235878e-06 4.410600048361152e-06 3.584210633005924e-06 7.503736732976085e-07 4.8857543357122e-07 4.874799465943474e-07 3.1506017243458836e-07 0.0 0.0 0.0 0.0 0.0 0.0 0.0 0.0 0.0 0.0 0.0 0.0 0.0 0.0 0.0 0.0 0.0 0.0 0.0 0.0 0.0 0.0 0.0 0.0 0.0 0.0 0.0 0.0 0.0 0.0 0.0 0.0 0.0 0.0 0.0 0.0 0.0 0.0 0.0 0.0 0.0 0.0 0.0 0.0 0.0 0.0 0.0 0.0 0.0 0.0 0.0 0.0 0.0 0.0 0.0 0.0 0.0 0.0 0.0 0.0 0.0 0.0 0.0 0.0 0.0 0.0 0.0 0.0 0.0 0.0 0.0 0.0 0.0 0.0 0.0 0.0 0.0 0.0 0.0 0.0 0.0 0.0 0.0 0.0 0.0 0.0 0.0 0.0 0.0 0.0 0.0 0.0 0.0 0.0 0.0 0.0 0.0 0.0 0.0 0.0 0.0 0.0 0.0 0.0 0.0 0.0 0.0 0.0 0.0 0.0 0.0 0.0 0.0 0.0 0.0 0.0 0.0 0.0 0.0 0.0 0.0 0.0 0.0 0.0 0.0 0.0 0.0 0.0 0.0 0.0 0.0 0.0
## eigenvalues of T0123v real 1.0284595145319226 0.19151187254605448 0.15842168071027446 0.11559325874890947 0.07517039846713511 0.04548676969371913 0.02892041089680198 0.028662107271775834 0.017211027788905597 0.017049751103810597 0.009616794398877016 0.0093826134640778 0.008795443107147244 0.007808251147434128 0.0066333512768550614 0.005394539559182077 0.00488076196920338 0.003626670432320459 0.0033934073244674292 0.001954902797763295 0.001538541465196797 0.0013672605477305065 0.001343641994713818 0.0009140024054359811 0.000825789173144378 0.0008212212045245201 0.0007557816729081453 0.0007255589186846448 0.0007165996145411467 0.0007074212838499855 0.0005522350217700996 0.000480120297546916 0.00034099562235105055 0.00030706370593883777 0.00030276489829930155 0.00028092119303423834 0.00015712146694450775 0.00012376467577779644 8.558025660181631e-05 8.529438600317704e-05 7.793911966132119e-05 7.717458122547876e-05 6.445555126612718e-05 6.332252532166512e-05 6.230921417690206e-05 6.184827041826833e-05 6.085807274294459e-05 4.343897588639585e-05 3.45622485000185e-05 3.102867195818154e-05 2.4160955606790888e-05 1.857824728466699e-05 6.818162171589966e-06 6.766376266553997e-06 6.738142646826427e-06 6.712182134172988e-06 5.647454001337507e-06 4.419534942235878e-06 4.410600048361152e-06 3.584210633005924e-06 7.503736732976085e-07 4.8857543357122e-07 4.874799465943474e-07 3.1506017243458836e-07 0.0 0.0 0.0 0.0 0.0 0.0 0.0 0.0 0.0 0.0 0.0 0.0 0.0 0.0 0.0 0.0 0.0 0.0 0.0 0.0 0.0 0.0 0.0 0.0 0.0 0.0 0.0 0.0 0.0 0.0 0.0 0.0 0.0 0.0 0.0 0.0 0.0 0.0 0.0 0.0 0.0 0.0 0.0 0.0 0.0 0.0 0.0 0.0 0.0 0.0 0.0 0.0 0.0 0.0 0.0 0.0 0.0 0.0 0.0 0.0 0.0 0.0 0.0 0.0 0.0 0.0 0.0 0.0 0.0 0.0 0.0 0.0 0.0 0.0 0.0 0.0 0.0 0.0 0.0 0.0 0.0 0.0 0.0 0.0 0.0 0.0 0.0 0.0 0.0 0.0 0.0 0.0 0.0 0.0 0.0 0.0 0.0 0.0 0.0 0.0 0.0 0.0 0.0 0.0 0.0 0.0 0.0 0.0 0.0 0.0 0.0 0.0 0.0 0.0 0.0 0.0 0.0 0.0 0.0 0.0 0.0 0.0 0.0 0.0 0.0 0.0 0.0 0.0 0.0 0.0 0.0 0.0
## eigenvalues of T0123v imag 0.0 0.0 0.0 0.0 0.0 0.0 0.0 0.0 0.0 0.0 0.0 0.0 0.0 0.0 0.0 0.0 0.0 0.0 0.0 0.0 0.0 0.0 0.0 0.0 0.0 0.0 0.0 0.0 0.0 0.0 0.0 0.0 0.0 0.0 0.0 0.0 0.0 0.0 0.0 0.0 0.0 0.0 0.0 0.0 0.0 0.0 0.0 0.0 0.0 0.0 0.0 0.0 0.0 0.0 0.0 0.0 0.0 0.0 0.0 0.0 0.0 0.0 0.0 0.0 0.0 0.0 0.0 0.0 0.0 0.0 0.0 0.0 0.0 0.0 0.0 0.0 0.0 0.0 0.0 0.0 0.0 0.0 0.0 0.0 0.0 0.0 0.0 0.0 0.0 0.0 0.0 0.0 0.0 0.0 0.0 0.0 0.0 0.0 0.0 0.0 0.0 0.0 0.0 0.0 0.0 0.0 0.0 0.0 0.0 0.0 0.0 0.0 0.0 0.0 0.0 0.0 0.0 0.0 0.0 0.0 0.0 0.0 0.0 0.0 0.0 0.0 0.0 0.0 0.0 0.0 0.0 0.0 0.0 0.0 0.0 0.0 0.0 0.0 0.0 0.0 0.0 0.0 0.0 0.0 0.0 0.0 0.0 0.0 0.0 0.0 0.0 0.0 0.0 0.0 0.0 0.0 0.0 0.0 0.0 0.0 0.0 0.0 0.0 0.0 0.0 0.0 0.0 0.0 0.0 0.0 0.0 0.0 0.0 0.0 0.0 0.0 0.0 0.0 0.0 0.0 0.0 0.0 0.0 0.0 0.0 0.0 0.0 0.0 0.0 0.0 0.0 0.0 0.0 0.0 0.0 0.0
## eigenvalues of T0123v imag max 0.0
## hx,i,norm,mx,my,mz,sqrt(sum m^2)  1.55 0 (1.0407539487135162+0j) 0.4611776504341493 0.0 -0.055694092603755165 0.4645284245457086
## hx,i,norm,mx,my,mz,sqrt(sum m^2)  1.55 1 (1.040753948713515+0j) 0.4611776504341504 0.0 -0.05569409260375407 0.46452842454570953
## hx,num,norm_x,norm_y,xx[0],xx[1],yy[0],yy[1],zz[0],zz[1]  1.55 0 (1.0611409666098934+0j) (1.0611393717194504+0j) 0.22020407901713412 0.2202060052009836 -0.03502474272394219 -0.03503061713110782 0.05299234147442946 0.05299738489132707
## hx,num,norm_x,norm_y,xx[0],xx[1],yy[0],yy[1],zz[0],zz[1]  1.55 1 (1.061140359356015+0j) (1.0611397044288298+0j) 0.22020453600333093 0.22020508607756809 -0.03502608532087813 -0.03502793866289795 0.05299360995390112 0.05299486422481588
1.55 -0.820814458445169 0.4645284245457091 -0.052992975714165294 -0.05299612455807147
## hx,mx,mz0mz1 1.55 0.4611776504341498 0.05299455013611838
## time simple update= 9.53674316406e-07
## time full update= 0.0
## time environment= 0.190086126328
## time observable= 0.0105149745941
