## Logs: seed = 11
## Logs: Jxy = 0.0
## Logs: Jz = -1.0
## Logs: hx = 1.55
## Logs: tau = 0.0128
## Logs: tau_step = 0
## Logs: tau_full = 0.01
## Logs: tau_full_step = 0
## Logs: second_ST = True
## Logs: initial_type = -1
## Logs: input_file = input_Tn.npz
## Logs: output_file = output
### CTM: count to convergence, sig_max =  7 3.034928774668904e-07
## np.allclose(T0123h,T0123h.T,rtol=1e-6,atol=1e-6) True
## eigenvalues of T0123h abs 1.0284616950628225 0.19151956905515513 0.1584288880790436 0.11559968782640528 0.07517582492850167 0.045491121768116295 0.028923901473770764 0.028664529581298663 0.017212752900216146 0.017051511505141906 0.009618044775307982 0.009387630652358758 0.008796578227635276 0.007809272888330413 0.006637578860346861 0.005395402836310492 0.004881553647487647 0.003627324165161777 0.003393974568828298 0.0019552177319547273 0.001538889513984502 0.0013680916769930945 0.0013444555142798152 0.0009141859690110472 0.0008263493773388896 0.0008217711361616091 0.0007559350420672268 0.0007260293424732638 0.0007167446133009902 0.0007078842531790281 0.0005525724427855572 0.0004803827294112061 0.00034108288134048376 0.00030727550643047555 0.00030297369279597136 0.00028099581915417876 0.0001572257301083875 0.00012385581394761192 8.563355814406195e-05 8.534734614474051e-05 7.799529128047895e-05 7.723055238113071e-05 6.45010074004187e-05 6.336844645795949e-05 6.235452441994918e-05 6.190074257727913e-05 6.0889753703364923e-05 4.346922969042568e-05 3.458806221362166e-05 3.105274315893681e-05 2.4178425093386677e-05 1.8590559510855717e-05 6.826523152996981e-06 6.774639881043227e-06 6.743538707077969e-06 6.717555511752254e-06 5.653697967276744e-06 4.422799651031225e-06 4.413859308738854e-06 3.588750948627569e-06 7.513368124830117e-07 4.891869377596078e-07 4.88089626088599e-07 3.154405532913785e-07 0.0 0.0 0.0 0.0 0.0 0.0 0.0 0.0 0.0 0.0 0.0 0.0 0.0 0.0 0.0 0.0 0.0 0.0 0.0 0.0 0.0 0.0 0.0 0.0 0.0 0.0 0.0 0.0 0.0 0.0 0.0 0.0 0.0 0.0 0.0 0.0 0.0 0.0 0.0 0.0 0.0 0.0 0.0 0.0 0.0 0.0 0.0 0.0 0.0 0.0 0.0 0.0 0.0 0.0 0.0 0.0 0.0 0.0 0.0 0.0 0.0 0.0 0.0 0.0 0.0 0.0 0.0 0.0 0.0 0.0 0.0 0.0 0.0 0.0 0.0 0.0 0.0 0.0 0.0 0.0
## eigenvalues of T0123h real 1.0284616950628225 0.19151956905515513 0.1584288880790436 0.11559968782640528 0.07517582492850167 0.045491121768116295 0.028923901473770764 0.028664529581298663 0.017212752900216146 0.017051511505141906 0.009618044775307982 0.009387630652358758 0.008796578227635276 0.007809272888330413 0.006637578860346861 0.005395402836310492 0.004881553647487647 0.003627324165161777 0.003393974568828298 0.0019552177319547273 0.001538889513984502 0.0013680916769930945 0.0013444555142798152 0.0009141859690110472 0.0008263493773388896 0.0008217711361616091 0.0007559350420672268 0.0007260293424732638 0.0007167446133009902 0.0007078842531790281 0.0005525724427855572 0.0004803827294112061 0.00034108288134048376 0.00030727550643047555 0.00030297369279597136 0.00028099581915417876 0.0001572257301083875 0.00012385581394761192 8.563355814406195e-05 8.534734614474051e-05 7.799529128047895e-05 7.723055238113071e-05 6.45010074004187e-05 6.336844645795949e-05 6.235452441994918e-05 6.190074257727913e-05 6.0889753703364923e-05 4.346922969042568e-05 3.458806221362166e-05 3.105274315893681e-05 2.4178425093386677e-05 1.8590559510855717e-05 6.826523152996981e-06 6.774639881043227e-06 6.743538707077969e-06 6.717555511752254e-06 5.653697967276744e-06 4.422799651031225e-06 4.413859308738854e-06 3.588750948627569e-06 7.513368124830117e-07 4.891869377596078e-07 4.88089626088599e-07 3.154405532913785e-07 0.0 0.0 0.0 0.0 0.0 0.0 0.0 0.0 0.0 0.0 0.0 0.0 0.0 0.0 0.0 0.0 0.0 0.0 0.0 0.0 0.0 0.0 0.0 0.0 0.0 0.0 0.0 0.0 0.0 0.0 0.0 0.0 0.0 0.0 0.0 0.0 0.0 0.0 0.0 0.0 0.0 0.0 0.0 0.0 0.0 0.0 0.0 0.0 0.0 0.0 0.0 0.0 0.0 0.0 0.0 0.0 0.0 0.0 0.0 0.0 0.0 0.0 0.0 0.0 0.0 0.0 0.0 0.0 0.0 0.0 0.0 0.0 0.0 0.0 0.0 0.0 0.0 0.0 0.0 0.0
## eigenvalues of T0123h imag 0.0 0.0 0.0 0.0 0.0 0.0 0.0 0.0 0.0 0.0 0.0 0.0 0.0 0.0 0.0 0.0 0.0 0.0 0.0 0.0 0.0 0.0 0.0 0.0 0.0 0.0 0.0 0.0 0.0 0.0 0.0 0.0 0.0 0.0 0.0 0.0 0.0 0.0 0.0 0.0 0.0 0.0 0.0 0.0 0.0 0.0 0.0 0.0 0.0 0.0 0.0 0.0 0.0 0.0 0.0 0.0 0.0 0.0 0.0 0.0 0.0 0.0 0.0 0.0 0.0 0.0 0.0 0.0 0.0 0.0 0.0 0.0 0.0 0.0 0.0 0.0 0.0 0.0 0.0 0.0 0.0 0.0 0.0 0.0 0.0 0.0 0.0 0.0 0.0 0.0 0.0 0.0 0.0 0.0 0.0 0.0 0.0 0.0 0.0 0.0 0.0 0.0 0.0 0.0 0.0 0.0 0.0 0.0 0.0 0.0 0.0 0.0 0.0 0.0 0.0 0.0 0.0 0.0 0.0 0.0 0.0 0.0 0.0 0.0 0.0 0.0 0.0 0.0 0.0 0.0 0.0 0.0 0.0 0.0 0.0 0.0 0.0 0.0 0.0 0.0 0.0 0.0 0.0 0.0
## eigenvalues of T0123h imag max 0.0
## np.allclose(T0123v,T0123v.T,rtol=1e-6,atol=1e-6) True
## eigenvalues of T0123v abs 1.0284595145319213 0.19151187254605412 0.15842168071027468 0.11559325874890945 0.07517039846713534 0.04548676969371908 0.02892041089680194 0.028662107271775695 0.017211027788905625 0.017049751103810514 0.009616794398877034 0.009382613464077812 0.008795443107147305 0.007808251147434107 0.006633351276855071 0.005394539559182081 0.004880761969203384 0.0036266704323204505 0.003393407324467441 0.001954902797763293 0.0015385414651967937 0.0013672605477305045 0.0013436419947138176 0.0009140024054359785 0.0008257891731443763 0.0008212212045245193 0.0007557816729081439 0.000725558918684644 0.000716599614541147 0.0007074212838499851 0.0005522350217701038 0.0004801202975469117 0.0003409956223510489 0.00030706370593883744 0.00030276489829930166 0.0002809211930342385 0.00015712146694450696 0.00012376467577779625 8.55802566018157e-05 8.529438600317684e-05 7.793911966132139e-05 7.717458122547844e-05 6.445555126612642e-05 6.332252532166509e-05 6.230921417690202e-05 6.184827041826751e-05 6.085807274294355e-05 4.3438975886395836e-05 3.4562248500018454e-05 3.102867195818158e-05 2.4160955606791488e-05 1.857824728466692e-05 6.81816217159007e-06 6.766376266554012e-06 6.7381426468264075e-06 6.712182134172947e-06 5.647454001337497e-06 4.419534942235828e-06 4.410600048361236e-06 3.5842106330058647e-06 7.503736732976343e-07 4.885754335712296e-07 4.874799465943078e-07 3.150601724344995e-07 0.0 0.0 0.0 0.0 0.0 0.0 0.0 0.0 0.0 0.0 0.0 0.0 0.0 0.0 0.0 0.0 0.0 0.0 0.0 0.0 0.0 0.0 0.0 0.0 0.0 0.0 0.0 0.0 0.0 0.0 0.0 0.0 0.0 0.0 0.0 0.0 0.0 0.0 0.0 0.0 0.0 0.0 0.0 0.0 0.0 0.0 0.0 0.0 0.0 0.0 0.0 0.0 0.0 0.0 0.0 0.0 0.0 0.0 0.0 0.0 0.0 0.0 0.0 0.0 0.0 0.0 0.0 0.0 0.0 0.0 0.0 0.0 0.0 0.0 0.0 0.0 0.0 0.0 0.0 0.0
## eigenvalues of T0123v real 1.0284595145319213 0.19151187254605412 0.15842168071027468 0.11559325874890945 0.07517039846713534 0.04548676969371908 0.02892041089680194 0.028662107271775695 0.017211027788905625 0.017049751103810514 0.009616794398877034 0.009382613464077812 0.008795443107147305 0.007808251147434107 0.006633351276855071 0.005394539559182081 0.004880761969203384 0.0036266704323204505 0.003393407324467441 0.001954902797763293 0.0015385414651967937 0.0013672605477305045 0.0013436419947138176 0.0009140024054359785 0.0008257891731443763 0.0008212212045245193 0.0007557816729081439 0.000725558918684644 0.000716599614541147 0.0007074212838499851 0.0005522350217701038 0.0004801202975469117 0.0003409956223510489 0.00030706370593883744 0.00030276489829930166 0.0002809211930342385 0.00015712146694450696 0.00012376467577779625 8.55802566018157e-05 8.529438600317684e-05 7.793911966132139e-05 7.717458122547844e-05 6.445555126612642e-05 6.332252532166509e-05 6.230921417690202e-05 6.184827041826751e-05 6.085807274294355e-05 4.3438975886395836e-05 3.4562248500018454e-05 3.102867195818158e-05 2.4160955606791488e-05 1.857824728466692e-05 6.81816217159007e-06 6.766376266554012e-06 6.7381426468264075e-06 6.712182134172947e-06 5.647454001337497e-06 4.419534942235828e-06 4.410600048361236e-06 3.5842106330058647e-06 7.503736732976343e-07 4.885754335712296e-07 4.874799465943078e-07 3.150601724344995e-07 0.0 0.0 0.0 0.0 0.0 0.0 0.0 0.0 0.0 0.0 0.0 0.0 0.0 0.0 0.0 0.0 0.0 0.0 0.0 0.0 0.0 0.0 0.0 0.0 0.0 0.0 0.0 0.0 0.0 0.0 0.0 0.0 0.0 0.0 0.0 0.0 0.0 0.0 0.0 0.0 0.0 0.0 0.0 0.0 0.0 0.0 0.0 0.0 0.0 0.0 0.0 0.0 0.0 0.0 0.0 0.0 0.0 0.0 0.0 0.0 0.0 0.0 0.0 0.0 0.0 0.0 0.0 0.0 0.0 0.0 0.0 0.0 0.0 0.0 0.0 0.0 0.0 0.0 0.0 0.0
## eigenvalues of T0123v imag 0.0 0.0 0.0 0.0 0.0 0.0 0.0 0.0 0.0 0.0 0.0 0.0 0.0 0.0 0.0 0.0 0.0 0.0 0.0 0.0 0.0 0.0 0.0 0.0 0.0 0.0 0.0 0.0 0.0 0.0 0.0 0.0 0.0 0.0 0.0 0.0 0.0 0.0 0.0 0.0 0.0 0.0 0.0 0.0 0.0 0.0 0.0 0.0 0.0 0.0 0.0 0.0 0.0 0.0 0.0 0.0 0.0 0.0 0.0 0.0 0.0 0.0 0.0 0.0 0.0 0.0 0.0 0.0 0.0 0.0 0.0 0.0 0.0 0.0 0.0 0.0 0.0 0.0 0.0 0.0 0.0 0.0 0.0 0.0 0.0 0.0 0.0 0.0 0.0 0.0 0.0 0.0 0.0 0.0 0.0 0.0 0.0 0.0 0.0 0.0 0.0 0.0 0.0 0.0 0.0 0.0 0.0 0.0 0.0 0.0 0.0 0.0 0.0 0.0 0.0 0.0 0.0 0.0 0.0 0.0 0.0 0.0 0.0 0.0 0.0 0.0 0.0 0.0 0.0 0.0 0.0 0.0 0.0 0.0 0.0 0.0 0.0 0.0 0.0 0.0 0.0 0.0 0.0 0.0
## eigenvalues of T0123v imag max 0.0
## hx,i,norm,mx,my,mz,sqrt(sum m^2)  1.55 0 (1.0407539487135162+0j) 0.4611776504341493 0.0 -0.055694092603755116 0.4645284245457086
## hx,i,norm,mx,my,mz,sqrt(sum m^2)  1.55 1 (1.0407539487135151+0j) 0.4611776504341503 0.0 -0.055694092603754186 0.4645284245457095
## hx,num,norm_x,norm_y,xx[0],xx[1],yy[0],yy[1],zz[0],zz[1]  1.55 0 (1.0611409666098934+0j) (1.0611393717194504+0j) 0.22020407901713415 0.22020600520098363 -0.03502474272394219 -0.03503061713110782 0.052992341474429466 0.05299738489132707
## hx,num,norm_x,norm_y,xx[0],xx[1],yy[0],yy[1],zz[0],zz[1]  1.55 1 (1.061140359356015+0j) (1.0611397044288298+0j) 0.22020453600333093 0.2202050860775681 -0.03502608532087813 -0.03502793866289795 0.052993609953901115 0.05299486422481587
1.55 -0.820814458445169 0.46452842454570903 -0.052992975714165294 -0.05299612455807147
## hx,mx,mz0mz1 1.55 0.4611776504341498 0.05299455013611838
## time simple update= 9.53674316406e-07
## time full update= 0.0
## time environment= 0.16334104538
## time observable= 0.00923800468445
