## Logs: seed = 11
## Logs: Jxy = 0.0
## Logs: Jz = -1.0
## Logs: hx = 1.55
## Logs: tau = 0.0128
## Logs: tau_step = 0
## Logs: tau_full = 0.01
## Logs: tau_full_step = 0
## Logs: second_ST = True
## Logs: initial_type = -1
## Logs: input_file = input_Tn.npz
## Logs: output_file = output
### CTM: count to convergence, sig_max =  8 4.0361693072424604e-07
## np.allclose(T0123h,T0123h.T,rtol=1e-6,atol=1e-6) False
## eigenvalues of T0123h abs 1.062759326505963 0.4141560516806446 0.342401565304495 0.24490686897196334 0.14877546195317243 0.13495702724070618 0.12699465808096932 0.09255161320574162 0.0901384293957267 0.08077078844690638 0.07744715723006546 0.05240948495441656 0.051890245611006205 0.043201096169142326 0.039937702172451225 0.039322445972113304 0.03924608643554933 0.03893123914753444 0.03031857802183725 0.028764150557742785 0.02519151686402989 0.024653486408561534 0.02459058063223055 0.023676734992411 0.02032304874522537 0.019533251670572963 0.0193936175581522 0.019033278053915543 0.017697403644423654 0.01725730418755869 0.014374639199367123 0.014338989436772913 0.013906715664002572 0.012849899467569583 0.011887323636662043 0.01111748064610842 0.010956865734453494 0.010538662443266606 0.010508542950871076 0.01024773331235871 0.010192641857057747 0.010019849454547314 0.009373324997317979 0.008489892917333647 0.008245757057948002 0.007704230597256699 0.00750291200069284 0.007333863075906422 0.00728384686313985 0.006695700682620871 0.006618035262690842 0.0063175959200452644 0.006252757807912925 0.005961387357973674 0.0054953813514550965 0.0052243317468860595 0.00511210925391629 0.005067929303032405 0.004949369975295264 0.004936561969376636 0.004676057177471653 0.004470954505759723 0.004286392198792903 0.004273620578730532 0.004206390463082656 0.003955993876233437 0.0038522166530180115 0.0038356597566261315 0.0037978912495073027 0.0037483531429510497 0.003743603697817453 0.003515325218518985 0.003469261575355978 0.0032762605132910026 0.0031879901092044605 0.002955923652454801 0.002868752647203947 0.002797711366129676 0.0027458539954971447 0.0027110864365496403 0.002644524774039509 0.0025193032726875553 0.0024426977622595478 0.002382603363438858 0.002356770217228396 0.002311463075248458 0.0022115777634860623 0.0022069996467242894 0.0021508932748959017 0.0021239949250549946 0.002081669136594003 0.002077468607034431 0.002062802436204862 0.001974318256896561 0.0018152266829194548 0.0017691661250065396 0.001743830438132861 0.0016683974880070636 0.0016213704852220698 0.0015813842907996451 0.0015788143582725726 0.0015775313130359165 0.0015544472288705606 0.0015216038539115132 0.0014461352410116456 0.001403283828425246 0.0013819387497861092 0.0013725369424491295 0.0013235868926723463 0.0013140052150388253 0.0012688934136917559 0.0012441477197513752 0.0012421713323983543 0.0012251691233205564 0.0012136825734471838 0.0011715400316340608 0.0011491424276863383 0.0011289331603483819 0.001127679824575681 0.0011158991504214082 0.001093500605924894 0.001090082997946334 0.001083516017222215 0.0010826911531362279 0.0010582235692160214 0.0010471276524963752 0.0010461250638143726 0.0010347774949655694 0.0009920217819951907 0.0009671018287893867 0.0009345318514415292 0.0009244782240388463 0.0009208230464382981 0.0008783888566482466 0.0008414234403867095 0.0008218487287465097 0.0008166584296960194 0.0008078003941390361 0.0007759861941447569 0.0007381891347840962 0.0006972221534444628 0.0006956007036439972 0.0006918161157260962 0.0006916353393360175 0.0006905340131146344 0.0006681820765152758 0.0006311637603828232 0.0006229919152334012 0.0006228591691115342 0.0006053487245495013 0.0005862253330697485 0.0005722948186921865 0.0005559335461139863 0.0005551673593507426 0.0005542211266352518 0.0005471214008432618 0.0005428504984644499 0.0005389661904120092 0.000515560236125811 0.0004983773814555815 0.0004875907341188457 0.0004834273529608269 0.0004820470271685138 0.000481253183493676 0.0004760400446954944 0.0004726353794594568 0.0004725178959312728 0.00045639474207265777 0.0004517790224645511 0.0004512154115067138 0.0004434310709507624 0.00044010566347539587 0.00043915037975830024 0.00043603607057172825 0.0004343418553085913 0.0004166697619948385 0.0004044207669505494 0.00038996909344823856 0.00038940168770282106 0.0003884621187444564 0.00037809104001969437 0.00037805191622392135 0.00037527778159062233 0.000373015092051832 0.00036888173894907646 0.00036109024017917944 0.0003485131706559275 0.0003417730981559775 0.0003408813616903673 0.0003349025777569276 0.00032346038843766254 0.00031288891716162 0.0003091959614718748 0.000304983151755277 0.00030405495394142076 0.00029504089451613737 0.000293791894711834 0.00029335789346196284 0.00029175394306200556 0.0002893711631561321 0.0002891423266164783 0.00027123528471634917 0.0002705080114132341 0.0002691914842289659 0.00026284559356432204 0.00025844916250593824 0.0002551980993680643 0.00025207722850095966 0.0002454821962137746 0.0002446010797422278 0.0002387318287320655 0.00023405469360912657 0.0002265061667932208 0.00022528921410992187 0.00022526878560225744 0.00022395347542773276 0.00021870636959691884 0.00021786987834966133 0.00021262709841264886 0.00020819511212821702 0.00020752560450588476 0.00020629884004293432 0.00020593317902191307 0.00020290501041318336 0.00020093975790384658 0.0001999382479899319 0.00019915736304935947 0.00018936854255673276 0.0001817228686112778 0.000181442803828203 0.00018094544110545277 0.00017899213290525228 0.00017051482416797475 0.00016777712172517188 0.000166078009837114 0.00016374984184927584 0.0001607424464112391 0.0001603468206667057 0.00015902148876149067 0.000157354084842212 0.00015638346415985637 0.00015516451824420244 0.00015427745793210033 0.00015328884960655613 0.00015160517293308308 0.0001485136125355177 0.00014695340142902613 0.0001464035972081756 0.0001455237741654713 0.00014383294716362576 0.00014132186646819602 0.0001384310918739876 0.00013450493838608872 0.00013221958243991516 0.00013177760718370948 0.00012992486264378853 0.00012876464415657806 0.00012746252598425857 0.00011915474068193114 0.00011914388223640877 0.00011852838708218353 0.00011750815460252174 0.00011703633080620573 0.0001170269150235145 0.00011608563310430758 0.00011547291820005537 0.00011324219108947101 0.0001089633513743928 0.00010835515149462266 0.00010733551118875368 0.00010341436085970068 0.00010278145399205409 0.00010256532101983375 0.00010215415257416001 9.984952306943566e-05 9.946040017519429e-05 9.734380858806893e-05 9.654391401848907e-05 9.52995963077775e-05 9.436543196849045e-05 9.047599492876332e-05 8.703523199627576e-05 8.654211031850742e-05 8.529506712730365e-05 8.519466000375045e-05 8.327391564462403e-05 8.314697818097565e-05 8.105153586932196e-05 7.8580801054476e-05 7.8417476392429e-05 7.776115523215603e-05 7.771732802985892e-05 7.756140503024514e-05 7.640581094417294e-05 7.620294249317189e-05 7.466198644123754e-05 7.444514673716698e-05 7.431835654853559e-05 7.309882023749348e-05 7.29325224976887e-05 7.23074509355401e-05 7.200997027063716e-05 6.835899661926339e-05 6.697654716168592e-05 6.514802291516526e-05 6.461957542540397e-05 6.330638359450059e-05 6.32833235373948e-05 6.320964668467548e-05 6.309562486163465e-05 6.304440030673839e-05 6.292369111193602e-05 5.9488696587347344e-05 5.9273329544163706e-05 5.8967790764608904e-05 5.6648321047312376e-05 5.556061785658435e-05 5.534961379924455e-05 5.523688557805048e-05 5.5167709478161044e-05 5.352569632659581e-05 5.339356883068484e-05 5.263061526407299e-05 5.222196423197411e-05 5.2023863116342815e-05 5.133251329050405e-05 5.0057346800172244e-05 5.0030548073001046e-05 4.9444700967485265e-05 4.936058317265835e-05 4.881805516352759e-05 4.7843136144104205e-05 4.7440834806657686e-05 4.597619123998769e-05 4.562273699805859e-05 4.555771617785567e-05 4.495065034485359e-05 4.466002189774202e-05 4.3306606915403095e-05 4.293375516428802e-05 4.208773740175327e-05 4.1727908027315104e-05 4.1181770951603526e-05 4.083415999144396e-05 4.0692222140155963e-05 4.048973242327966e-05 4.008882511946698e-05 3.9195795036192317e-05 3.8952619676613166e-05 3.815289063951822e-05 3.7797802176339315e-05 3.6628742982153e-05 3.549825425359563e-05 3.545458803681172e-05 3.49980163146936e-05 3.4685688187216514e-05 3.354229943274819e-05 3.257636720948631e-05 3.1426613800119726e-05 3.122171309122029e-05 3.081294021243263e-05 3.0480743055616372e-05 3.0356427783708815e-05 2.9748306840135627e-05 2.9557882223753702e-05 2.9508295017933276e-05 2.921324530823146e-05 2.9205144763461546e-05 2.897506116325849e-05 2.8686411378632534e-05 2.8514216289460183e-05 2.8434159280216067e-05 2.8278022946748627e-05 2.8171986963310217e-05 2.799255509656683e-05 2.7947822339455146e-05 2.739660462188024e-05 2.7298287488948454e-05 2.6577140468351282e-05 2.646931655300474e-05 2.613260927285382e-05 2.556409876962536e-05 2.5252940681468804e-05 2.5204139226169393e-05 2.5068114112365564e-05 2.448548700164674e-05 2.432871041606089e-05 2.4053076163166904e-05 2.401022032554412e-05 2.340201772893413e-05 2.3304410432645812e-05 2.3227963228837908e-05 2.2670378898104876e-05 2.2518479032542495e-05 2.2489166268064364e-05 2.2345100581490484e-05 2.1400509671077893e-05 2.0559674985368804e-05 2.0075283448092173e-05 1.9964664902130828e-05 1.9413415566589084e-05 1.8984031359947587e-05 1.8907590060146062e-05 1.8698690900414136e-05 1.8264774215989164e-05 1.8131460310428774e-05 1.8066336032987676e-05 1.749654310820532e-05 1.742321035978919e-05 1.7366565773850847e-05 1.7187001410863102e-05 1.700500764155174e-05 1.6538057994114946e-05 1.6462289102159624e-05 1.6460817266025906e-05 1.6000207223381605e-05 1.592200579558908e-05 1.5773709851876013e-05 1.5709095368012822e-05 1.5361542670216195e-05 1.4833120147227877e-05 1.479205070694887e-05 1.4630250270981704e-05 1.4594618482245039e-05 1.4376529228979238e-05 1.3973119028161694e-05 1.3879827699581095e-05 1.3216868496787635e-05 1.313649998819466e-05 1.3102165469813449e-05 1.3061222436423055e-05 1.2990624586788679e-05 1.2643438937740912e-05 1.2189827377441373e-05 1.2053272035556912e-05 1.1891998492273008e-05 1.180322939228754e-05 1.1714685464743177e-05 1.1692859578081691e-05 1.1513088050703803e-05 1.1489241718811767e-05 1.1428807231921086e-05 1.1285312534095124e-05 1.1241698877843893e-05 1.1131912823260733e-05 1.101803426364189e-05 1.0938285011062818e-05 1.0627567330435963e-05 1.053454265427287e-05 1.0388597005328767e-05 1.0149116622217941e-05 9.939464129735905e-06 9.74581597149343e-06 9.745595331041989e-06 9.672073043428124e-06 9.633771365188365e-06 9.560996146488657e-06 9.444242720951316e-06 9.368340007898798e-06 9.341114026500768e-06 9.34089666879476e-06 9.183844880783587e-06 9.16121314180551e-06 9.024027653176329e-06 8.858130740091724e-06 8.804148871481424e-06 8.775374857311675e-06 8.766620862810147e-06 8.702442060396657e-06 8.444241601940262e-06 8.407480768884773e-06 8.106968428121764e-06 7.994577323924552e-06 7.799800973283106e-06 7.769677986738723e-06 7.706021463135031e-06 7.584420340424979e-06 7.551132938245047e-06 7.426262772589156e-06 7.327329615967855e-06 7.258925505132958e-06 7.174194382053917e-06 7.1645663639151175e-06 6.908138829987748e-06 6.83638684583064e-06 6.799367696717277e-06 6.758628746607135e-06 6.7530337810273516e-06 6.629454970176461e-06 6.5515539787869095e-06 6.437992786143438e-06 6.344211741870335e-06 6.3285095675764704e-06 6.055370729671507e-06 6.000336548007955e-06 5.997459013809886e-06 5.663422149036419e-06 5.4026429605522584e-06 5.343471857990101e-06 5.238995606900607e-06 5.169198525070223e-06 5.111041024423896e-06 5.091628754284333e-06 5.041827760211304e-06 4.96754748268193e-06 4.846695940950316e-06 4.736671418029703e-06 4.695517589853603e-06 4.648284598076846e-06 4.602159726583159e-06 4.599397608188133e-06 4.345908997842578e-06 4.34408116862516e-06 4.306274756217364e-06 4.218822901131792e-06 4.168233006121728e-06 4.154327191959505e-06 4.136276972919438e-06 4.130698367493416e-06 4.130043612018888e-06 4.125176535320922e-06 4.088965322954133e-06 3.983807350427501e-06 3.960164485192496e-06 3.8662635060619995e-06 3.855029659668438e-06 3.853706415549896e-06 3.820302393193755e-06 3.744439610729695e-06 3.703383255389235e-06 3.5812679997671044e-06 3.551676276119792e-06 3.5461112165853386e-06 3.446813607318168e-06 3.424918104898744e-06 3.406969593315125e-06 3.3740351261488435e-06 3.347256762001281e-06 3.3165317138584947e-06 3.1356010172760627e-06 3.1299436741093284e-06 3.0247554906317616e-06 2.9631442263542234e-06 2.9589581713404547e-06 2.9469210878650727e-06 2.933739629916118e-06 2.8753321587682523e-06 2.733760011885486e-06 2.727435566488009e-06 2.6409851748817782e-06 2.622033268967291e-06 2.6105278577933505e-06 2.6062743917278998e-06 2.5633786089014466e-06 2.422847796882568e-06 2.4210225523785024e-06 2.4182977712288474e-06 2.345318114163115e-06 2.293877785784839e-06 2.2505848681941855e-06 2.2468945388769268e-06 2.2443506128938595e-06 2.1799842116907053e-06 2.1755675114890882e-06 2.1556062951181474e-06 2.0926568355749847e-06 2.051186714186519e-06 1.988265002116482e-06 1.9714960525383112e-06 1.968181422850623e-06 1.931437534787202e-06 1.901396241745478e-06 1.8831797751760541e-06 1.8581719364739972e-06 1.8577146337806078e-06 1.8013094279442135e-06 1.7867687783099984e-06 1.7485969114007793e-06 1.7404091869003193e-06 1.729842916898088e-06 1.709594327189122e-06 1.6262536677698523e-06 1.6084977403418716e-06 1.5904194482247052e-06 1.5832912874491117e-06 1.5755500983685532e-06 1.5603185324172101e-06 1.5547783247442574e-06 1.546457622732857e-06 1.5236068448150278e-06 1.5229460919573127e-06 1.4417693559420739e-06 1.404755584845264e-06 1.4036294793206885e-06 1.2953116804044107e-06 1.2822290120461762e-06 1.2553228693070896e-06 1.2326616339040591e-06 1.1901949908575636e-06 1.1693361380618954e-06 1.1692227120206847e-06 1.1387066624190956e-06 1.1038478952772012e-06 1.0958064948159771e-06 1.0945776360927186e-06 1.0781516398860178e-06 1.0717785702599979e-06 9.198696486780503e-07 9.198648150171893e-07 9.04123185940012e-07 8.586344947385307e-07 8.57452277330539e-07 8.534042769341378e-07 8.500917404480641e-07 8.390231423885475e-07 8.183153645025283e-07 8.171380899228475e-07 8.07420015932377e-07 8.063322009312494e-07 8.057644100769827e-07 7.918649706520657e-07 7.824318314165101e-07 7.719725825531048e-07 7.575949388122824e-07 7.271924030418994e-07 7.220412383579956e-07 7.04880127310646e-07 7.033030846588591e-07 6.969478802907414e-07 6.892710087297205e-07 6.868355328216274e-07 6.754523978351163e-07 6.208012123868141e-07 6.165933239658215e-07 6.150081614211678e-07 5.836622751307264e-07 5.810014416316628e-07 5.761695313686703e-07 5.432137016174031e-07 5.383159206857399e-07 5.294995699902421e-07 5.188288596123874e-07 5.167607801447774e-07 4.954783944890897e-07 4.3348873877777247e-07 4.304509731144566e-07 4.2990119166693636e-07 4.296124144380434e-07 4.077954506586545e-07 4.052227923842558e-07 3.9516567813791835e-07 3.950602335992099e-07 3.4353675118495895e-07 3.4325921822811586e-07 3.103682330016336e-07 3.027567309166091e-07 3.026129831126835e-07 2.827405354077425e-07 2.800879244744699e-07 2.769390018629532e-07 2.7625792760861277e-07 2.7264865738133216e-07 2.723271514889369e-07 2.6822403735305676e-07 2.6800914360053047e-07 2.65418137229674e-07 2.645607416477808e-07 2.6384635634830253e-07 2.635245146044751e-07 2.6132483176282455e-07 2.6038493167076534e-07 2.5396666057978166e-07 2.440381521725956e-07 2.4147284061565445e-07 2.414352832714559e-07 2.3950718178705666e-07 2.371019886921142e-07 2.3531764045478237e-07 2.3020036746060603e-07 1.6492873976371446e-07 1.6491634202329864e-07 1.581546937210121e-07 1.5775456943697207e-07 1.4875545610968547e-07 1.4657924470883925e-07 1.4091903492579088e-07 1.4018849519049952e-07 1.3178675127307652e-07 1.317587948832718e-07 1.0554527146807571e-07 1.0370909558225642e-07 1.0324702558320557e-07 1.0240668271114148e-07 9.528634523141728e-08 9.304259247005592e-08 9.236529450669817e-08 9.224852807734352e-08 8.891254481205432e-08 8.869468782264401e-08 8.774398341859333e-08 8.75084650826163e-08 8.736127099587882e-08 7.164136067484046e-08 7.1461847883298e-08 6.533278719273578e-08 6.421229390893102e-08 6.407939923576706e-08 6.291699806245216e-08 6.281126567550393e-08 5.384874086361356e-08 4.9005001299244205e-08 4.899399634244597e-08 3.641811042504366e-08 3.5479956708554724e-08 3.285759821364479e-08 3.1990517386334156e-08 2.5310755218351974e-08 2.4797221355942052e-08 2.4157193076949364e-08 2.411053671362288e-08 2.2448105584742244e-08 2.2246786083851297e-08 1.3442045949437642e-08 1.3401621031624336e-08 8.515144095814815e-09 8.514970213523719e-09 8.511234137905994e-09 8.498861550419248e-09 1.993528462573513e-09
## eigenvalues of T0123h real 1.062759326505963 0.4141560516806446 0.342401565304495 0.24490686897196334 0.14877546195317243 0.13495702724070618 0.12699465808096932 0.09255161320574162 0.0901384293957267 0.08077078844690638 0.07744715723006546 0.05240948495441656 0.051890245611006205 0.043201096169142326 0.039937702172451225 0.039322445972113304 0.03924608643554933 0.03893123914753444 0.03031857802183725 0.028764150557742785 0.02519151686402989 0.024653486408561534 0.02459058063223055 0.023676734992411 0.02032304874522537 0.019533251670572963 0.0193936175581522 0.019033278053915543 0.017697403644423654 0.01725730418755869 0.014374639199367123 0.014338989436772913 0.013906715664002572 0.012849899467569583 0.011887323636662043 0.01111748064610842 0.010956865734453494 0.010538662443266606 0.010508542950871076 0.01024773331235871 0.010192641857057747 0.010019849454547314 0.009373324997317979 0.008489892917333647 0.008245757057948002 0.007704230597256699 0.00750291200069284 0.007333863075906422 0.00728384686313985 0.006695700682620871 0.006618035262690842 0.0063175959200452644 0.006252757807912925 0.005961387357973674 0.0054953813514550965 0.0052243317468860595 0.00511210925391629 0.005067929303032405 0.004949369975295264 0.004936561969376636 0.004676057177471653 0.004470954505759723 0.004286392198792903 0.004273620578730532 0.004206390463082656 0.003955993876233437 0.0038522166530180115 0.0038356597566261315 0.0037978912495073027 0.0037483531429510497 0.003743603697817453 0.003515325218518985 0.003469261575355978 0.0032762605132910026 0.0031879901092044605 0.002955923652454801 0.002868752647203947 0.002797711366129676 0.0027458539954971447 0.0027110864365496403 0.002644524774039509 0.0025193032726875553 0.0024426977622595478 0.002382603363438858 0.002356770217228396 0.002311463075248458 0.0022115777634860623 0.0022069996467242894 0.0021508932748959017 0.0021239949250549946 0.002081669136594003 0.002077468607034431 0.002062802436204862 0.001974318256896561 0.0018152266829194548 0.0017691661250065396 0.001743830438132861 0.0016683974880070636 0.0016213704852220698 0.0015813842907996451 0.0015788143582725726 0.0015775313130359165 0.0015544472288705606 0.0015216038539115132 0.0014461352410116456 0.001403283828425246 0.0013819387497861092 0.0013725369424491295 0.0013235868926723463 0.0013140052150388253 0.0012688934136917559 0.0012441477197513752 0.0012421713323983543 0.0012251691233205564 0.0012136825734471838 0.0011715400316340608 0.0011491424276863383 0.0011289331603483819 0.001127679824575681 0.0011158991504214082 0.001093500605924894 0.001090082997946334 0.001083516017222215 0.0010826911531362279 0.0010582235692160214 0.0010471276524963752 0.0010461250638143726 0.0010347774949655694 0.0009920217819951907 0.0009671018287893867 0.0009345318514415292 0.0009244782240388463 0.0009208230464382981 0.0008783888566482466 0.0008414234403867095 0.0008218487287465097 0.0008166584296960194 0.0008078003941390361 0.0007759861941447569 0.0007381891347840962 0.0006972221534444628 0.0006956007036439972 0.0006918161157260962 0.0006916353393360175 0.0006905340131146344 0.0006681820765152758 0.0006311637603828232 0.0006229919152334012 0.0006228591691115342 0.0006053487245495013 0.0005862253330697485 0.0005722948186921865 0.0005559335461139863 0.0005551673593507426 0.0005542211266352518 0.0005471214008432618 0.0005428504984644499 0.0005389661904120092 0.000515560236125811 0.0004983773814555815 0.0004875907341188457 0.0004834273529608269 0.0004820470271685138 0.000481253183493676 0.0004760400446954944 0.0004726353794594568 0.0004725178959312728 0.00045639474207265777 0.0004517790224645511 0.0004512154115067138 0.0004434310709507624 0.00044010566347539587 0.00043915037975830024 0.00043603607057172825 0.0004343418553085913 0.0004166697619948385 0.0004044207669505494 0.00038996909344823856 0.00038940168770282106 0.0003884621187444564 0.00037809104001969437 0.00037805191622392135 0.00037527778159062233 0.000373015092051832 0.00036888173894907646 0.00036109024017917944 0.0003485131706559275 0.0003417730981559775 0.0003408813616903673 0.0003349025777569276 0.00032346038843766254 0.00031288891716162 0.0003091959614718748 0.000304983151755277 0.00030405495394142076 0.00029504089451613737 0.000293791894711834 0.00029335789346196284 0.00029175394306200556 0.0002893711631561321 0.0002891423266164783 0.00027123528471634917 0.0002705080114132341 0.0002691914842289659 0.00026284559356432204 0.00025844916250593824 0.0002551980993680643 0.00025207722850095966 0.0002454821962137746 0.0002446010797422278 0.0002387318287320655 0.00023405469360912657 0.0002265061667932208 0.00022528921410992187 0.00022526878560225744 0.00022395347542773276 0.00021870636959691884 0.00021786987834966133 0.00021262709841264886 0.00020819511212821702 0.00020752560450588476 0.00020629884004293432 0.00020593317902191307 0.00020290501041318336 0.00020093975790384658 0.0001999382479899319 0.00019915736304935947 0.00018936854255673276 0.0001817228686112778 0.000181442803828203 0.00018094544110545277 0.00017899213290525228 0.00017051482416797475 0.00016777712172517188 0.000166078009837114 0.00016374984184927584 0.0001607424464112391 0.0001603468206667057 0.00015902148876149067 0.000157354084842212 0.00015638346415985637 0.00015516451824420244 0.00015427745793210033 0.00015328884960655613 0.00015160517293308308 0.0001485136125355177 0.00014695340142902613 0.0001464035972081756 0.0001455237741654713 0.00014383294716362576 0.00014132186646819602 0.0001384310918739876 0.00013450493838608872 0.00013221958243991516 0.00013177760718370948 0.00012992486264378853 0.00012876464415657806 0.00012746252598425857 0.00011915474068193114 0.00011914388223640877 0.00011852838708218353 0.00011750815460252174 0.00011703633080620573 0.0001170269150235145 0.00011608563310430758 0.00011547291820005537 0.00011324219108947101 0.0001089633513743928 0.00010835515149462266 0.00010733551118875368 0.00010341436085970068 0.00010278145399205409 0.00010256532101983375 0.00010215415257416001 9.984952306943566e-05 9.946040017519429e-05 9.734380858806893e-05 9.654391401848907e-05 9.52995963077775e-05 9.436543196849045e-05 9.047599492876332e-05 8.703523199627576e-05 8.654211031850742e-05 8.529506712730365e-05 8.519466000375045e-05 8.327391564462403e-05 8.314697818097565e-05 8.105153586932196e-05 7.8580801054476e-05 7.8417476392429e-05 7.776115523215603e-05 7.771732802985892e-05 7.756140503024514e-05 7.640581094417294e-05 7.620294249317189e-05 7.466198644123754e-05 7.444514673716698e-05 7.431835654853559e-05 7.309882023749348e-05 7.29325224976887e-05 7.23074509355401e-05 7.200997027063716e-05 6.835899661926339e-05 6.697654716168592e-05 6.514802291516526e-05 6.461957542540397e-05 6.330638359450059e-05 6.32833235373948e-05 6.320964668467548e-05 6.309562486163465e-05 6.304440030673839e-05 6.292369111193602e-05 5.9488696587347344e-05 5.9273329544163706e-05 5.8967790764608904e-05 5.6648321047312376e-05 5.556061785658435e-05 5.534961379924455e-05 5.523688557805048e-05 5.5167709478161044e-05 5.352569632659581e-05 5.339356883068484e-05 5.263061526407299e-05 5.222196423197411e-05 5.2023863116342815e-05 5.133251329050405e-05 5.0057346800172244e-05 5.0030548073001046e-05 4.9444700967485265e-05 4.936058317265835e-05 4.881805516352759e-05 4.7843136144104205e-05 4.7440834806657686e-05 4.597619123998769e-05 4.562273699805859e-05 4.555771617785567e-05 4.495065034485359e-05 4.466002189774202e-05 4.3306606915403095e-05 4.293375516428802e-05 4.208773740175327e-05 4.1727908027315104e-05 4.1181770951603526e-05 4.083415999144396e-05 4.0692222140155963e-05 4.048973242327966e-05 4.008882511946698e-05 3.9195795036192317e-05 3.8952619676613166e-05 3.815289063951822e-05 3.7797802176339315e-05 3.6628742982153e-05 3.549825425359563e-05 3.545458803681172e-05 3.49980163146936e-05 3.4685688187216514e-05 3.354229943274819e-05 3.257636720948631e-05 3.1426613800119726e-05 3.122171309122029e-05 3.081294021243263e-05 3.0480743055616372e-05 3.0356427783708815e-05 2.9748306840135627e-05 2.9557882223753702e-05 2.9508295017933276e-05 2.921324530823146e-05 2.9205144763461546e-05 2.897506116325849e-05 2.8686411378632534e-05 2.8514216289460183e-05 2.8434159280216067e-05 2.8278022946748627e-05 2.8171986963310217e-05 2.799255509656683e-05 2.7947822339455146e-05 2.739660462188024e-05 2.7298287488948454e-05 2.6577140468351282e-05 2.646931655300474e-05 2.613260927285382e-05 2.556409876962536e-05 2.5252940681468804e-05 2.5204139226169393e-05 2.5068114112365564e-05 2.448548700164674e-05 2.432871041606089e-05 2.4053076163166904e-05 2.401022032554412e-05 2.340201772893413e-05 2.3304410432645812e-05 2.3227963228837908e-05 2.2670378898104876e-05 2.2518479032542495e-05 2.2489166268064364e-05 2.2345100581490484e-05 2.1400509671077893e-05 2.0559674985368804e-05 2.0075283448092173e-05 1.9964664902130828e-05 1.9413415566589084e-05 1.8984031359947587e-05 1.8907590060146062e-05 1.8698690900414136e-05 1.8264774215989164e-05 1.8131460310428774e-05 1.8066336032987676e-05 1.749654310820532e-05 1.742321035978919e-05 1.7366565773850847e-05 1.7187001410863102e-05 1.700500764155174e-05 1.6538057994114946e-05 1.6462289102159624e-05 1.6460817266025906e-05 1.6000207223381605e-05 1.592200579558908e-05 1.5773709851876013e-05 1.5709095368012822e-05 1.5361542670216195e-05 1.4833120147227877e-05 1.479205070694887e-05 1.4630250270981704e-05 1.4594618482245039e-05 1.4376529228979238e-05 1.3973119028161694e-05 1.3879827699581095e-05 1.3216868496787635e-05 1.313649998819466e-05 1.3102165469813449e-05 1.3061222436423055e-05 1.2990624586788679e-05 1.2643438937740912e-05 1.2189827377441373e-05 1.2053272035556912e-05 1.1891998492273008e-05 1.180322939228754e-05 1.1714685464743177e-05 1.1692859578081691e-05 1.1513088050703803e-05 1.1489241718811767e-05 1.1428807231921086e-05 1.1285312534095124e-05 1.1241698877843893e-05 1.1131912823260733e-05 1.101803426364189e-05 1.0938285011062818e-05 1.0627567330435963e-05 1.053454265427287e-05 1.0388597005328767e-05 1.0149116622217941e-05 9.939464129735905e-06 9.74581597149343e-06 9.745595331041989e-06 9.672073043428124e-06 9.633771365188365e-06 9.560996146488657e-06 9.444242720951316e-06 9.368340007898798e-06 9.341114026500768e-06 9.34089666879476e-06 9.183844880783587e-06 9.16121314180551e-06 9.024027653176329e-06 8.858130740091724e-06 8.804148871481424e-06 8.775374857311675e-06 8.766620862810147e-06 8.702442060396657e-06 8.444241601940262e-06 8.407480768884773e-06 8.106968428121764e-06 7.994577323924552e-06 7.799800973283106e-06 7.769677986738723e-06 7.706021463135031e-06 7.584420340424979e-06 7.551132938245047e-06 7.426262772589156e-06 7.327329615967855e-06 7.258925505132958e-06 7.174194382053917e-06 7.1645663639151175e-06 6.908138829987748e-06 6.83638684583064e-06 6.799367696717277e-06 6.758628746607135e-06 6.7530337810273516e-06 6.629454970176461e-06 6.5515539787869095e-06 6.437992786143438e-06 6.344211741870335e-06 6.3285095675764704e-06 6.055370729671507e-06 6.000336548007955e-06 5.997459013809886e-06 5.663422149036419e-06 5.4026429605522584e-06 5.343471857990101e-06 5.238995606900607e-06 5.169198525070223e-06 5.111041024423896e-06 5.091628754284333e-06 5.041827760211304e-06 4.96754748268193e-06 4.846695940950316e-06 4.736671418029703e-06 4.695517589853603e-06 4.648284598076846e-06 4.602159726583159e-06 4.599397608188133e-06 4.345908997842578e-06 4.34408116862516e-06 4.306274756217364e-06 4.218822901131792e-06 4.168233006121728e-06 4.154327191959505e-06 4.136276972919438e-06 4.130698367493416e-06 4.130043612018888e-06 4.125176535320922e-06 4.088965322954133e-06 3.983807350427501e-06 3.960164485192496e-06 3.8662635060619995e-06 3.855029659668438e-06 3.853706415549896e-06 3.820302393193755e-06 3.744439610729695e-06 3.703383255389235e-06 3.5812679997671044e-06 3.551676276119792e-06 3.5461112165853386e-06 3.446813607318168e-06 3.424918104898744e-06 3.406969593315125e-06 3.3740351261488435e-06 3.347256762001281e-06 3.3165317138584947e-06 3.1356010172760627e-06 3.1299436741093284e-06 3.0247554906317616e-06 2.9631442263542234e-06 2.9589581713404547e-06 2.9469210878650727e-06 2.933739629916118e-06 2.8753321587682523e-06 2.733760011885486e-06 2.727435566488009e-06 2.6409851748817782e-06 2.622033268967291e-06 2.6105278577933505e-06 2.6062743917278998e-06 2.5633786089014466e-06 2.422847796882568e-06 2.4210225523785024e-06 2.4182977712288474e-06 2.345318114163115e-06 2.293877785784839e-06 2.2505848681941855e-06 2.2468945388769268e-06 2.2443506128938595e-06 2.1799842116907053e-06 2.1755675114890882e-06 2.1556062951181474e-06 2.0926568355749847e-06 2.051186714186519e-06 1.988265002116482e-06 1.9714960525383112e-06 1.968181422850623e-06 1.931437534787202e-06 1.901396241745478e-06 1.8831797751760541e-06 1.8581719364739972e-06 1.8577146337806078e-06 1.8013094279442135e-06 1.7867687783099984e-06 1.7485969114007793e-06 1.7404091869003193e-06 1.729842916898088e-06 1.709594327189122e-06 1.6262536677698523e-06 1.6084977403418716e-06 1.5904194482247052e-06 1.5832912874491117e-06 1.5755500983685532e-06 1.5603185324172101e-06 1.5547783247442574e-06 1.546457622732857e-06 1.5236068448150278e-06 1.5229460919573127e-06 1.4417693559420739e-06 1.404755584845264e-06 1.4036294793206885e-06 1.2953116804044107e-06 1.2822290120461762e-06 1.2553228693070896e-06 1.2326616339040591e-06 1.1901949908575636e-06 1.1693361380618954e-06 1.1692227120206847e-06 1.1387066624190956e-06 1.1038478952772012e-06 1.0958064948159771e-06 1.0945776360927186e-06 1.0781516398860178e-06 1.0717785702599979e-06 9.198696486780503e-07 9.198648150171893e-07 9.04123185940012e-07 8.586344947385307e-07 8.57452277330539e-07 8.534042769341378e-07 8.500917404480641e-07 8.390231423885475e-07 8.183153645025283e-07 8.171380899228475e-07 8.07420015932377e-07 8.063322009312494e-07 8.057644100769827e-07 7.918649706520657e-07 7.824318314165101e-07 7.719725825531048e-07 7.575949388122824e-07 7.271924030418994e-07 7.220412383579956e-07 7.04880127310646e-07 7.033030846588591e-07 6.969478802907414e-07 6.892710087297205e-07 6.868355328216274e-07 6.754523978351163e-07 6.208012123868141e-07 6.165933239658215e-07 6.150081614211678e-07 5.836622751307264e-07 5.810014416316628e-07 5.761695313686703e-07 5.432137016174031e-07 5.383159206857399e-07 5.294995699902421e-07 5.188288596123874e-07 5.167607801447774e-07 4.954783944890897e-07 4.3348873877777247e-07 4.304509731144566e-07 4.2990119166693636e-07 4.296124144380434e-07 4.077954506586545e-07 4.052227923842558e-07 3.9516567813791835e-07 3.950602335992099e-07 3.4353675118495895e-07 3.4325921822811586e-07 3.103682330016336e-07 3.027567309166091e-07 3.026129831126835e-07 2.827405354077425e-07 2.800879244744699e-07 2.769390018629532e-07 2.7625792760861277e-07 2.7264865738133216e-07 2.723271514889369e-07 2.6822403735305676e-07 2.6800914360053047e-07 2.65418137229674e-07 2.645607416477808e-07 2.6384635634830253e-07 2.635245146044751e-07 2.6132483176282455e-07 2.6038493167076534e-07 2.5396666057978166e-07 2.440381521725956e-07 2.4147284061565445e-07 2.414352832714559e-07 2.3950718178705666e-07 2.371019886921142e-07 2.3531764045478237e-07 2.3020036746060603e-07 1.6492873976371446e-07 1.6491634202329864e-07 1.581546937210121e-07 1.5775456943697207e-07 1.4875545610968547e-07 1.4657924470883925e-07 1.4091903492579088e-07 1.4018849519049952e-07 1.3178675127307652e-07 1.317587948832718e-07 1.0554527146807571e-07 1.0370909558225642e-07 1.0324702558320557e-07 1.0240668271114148e-07 9.528634523141728e-08 9.304259247005592e-08 9.236529450669817e-08 9.224852807734352e-08 8.891254481205432e-08 8.869468782264401e-08 8.774398341859333e-08 8.75084650826163e-08 8.736127099587882e-08 7.164136067484046e-08 7.1461847883298e-08 6.533278719273578e-08 6.421229390893102e-08 6.407939923576706e-08 6.291699806245216e-08 6.281126567550393e-08 5.384874086361356e-08 4.9005001299244205e-08 4.899399634244597e-08 3.641811042504366e-08 3.5479956708554724e-08 3.285759821364479e-08 3.1990517386334156e-08 2.5310755218351974e-08 2.4797221355942052e-08 2.4157193076949364e-08 2.411053671362288e-08 2.2448105584742244e-08 2.2246786083851297e-08 1.3442045949437642e-08 1.3401621031624336e-08 8.515144095814815e-09 8.514970213523719e-09 8.511234137905994e-09 8.498861550419248e-09 1.993528462573513e-09
## eigenvalues of T0123h imag 0.0 0.0 0.0 0.0 0.0 0.0 0.0 0.0 0.0 0.0 0.0 0.0 0.0 0.0 0.0 0.0 0.0 0.0 0.0 0.0 0.0 0.0 0.0 0.0 0.0 0.0 0.0 0.0 0.0 0.0 0.0 0.0 0.0 0.0 0.0 0.0 0.0 0.0 0.0 0.0 0.0 0.0 0.0 0.0 0.0 0.0 0.0 0.0 0.0 0.0 0.0 0.0 0.0 0.0 0.0 0.0 0.0 0.0 0.0 0.0 0.0 0.0 0.0 0.0 0.0 0.0 0.0 0.0 0.0 0.0 0.0 0.0 0.0 0.0 0.0 0.0 0.0 0.0 0.0 0.0 0.0 0.0 0.0 0.0 0.0 0.0 0.0 0.0 0.0 0.0 0.0 0.0 0.0 0.0 0.0 0.0 0.0 0.0 0.0 0.0 0.0 0.0 0.0 0.0 0.0 0.0 0.0 0.0 0.0 0.0 0.0 0.0 0.0 0.0 0.0 0.0 0.0 0.0 0.0 0.0 0.0 0.0 0.0 0.0 0.0 0.0 0.0 0.0 0.0 0.0 0.0 0.0 0.0 0.0 0.0 0.0 0.0 0.0 0.0 0.0 0.0 0.0 0.0 0.0 0.0 0.0 0.0 0.0 0.0 0.0 0.0 0.0 0.0 0.0 0.0 0.0 0.0 0.0 0.0 0.0 0.0 0.0 0.0 0.0 0.0 0.0 0.0 0.0 0.0 0.0 0.0 0.0 0.0 0.0 0.0 0.0 0.0 0.0 0.0 0.0 0.0 0.0 0.0 0.0 0.0 0.0 0.0 0.0 0.0 0.0 0.0 0.0 0.0 0.0 0.0 0.0 0.0 0.0 0.0 0.0 0.0 0.0 0.0 0.0 0.0 0.0 0.0 0.0 0.0 0.0 0.0 0.0 0.0 0.0 0.0 0.0 0.0 0.0 0.0 0.0 0.0 0.0 0.0 0.0 0.0 0.0 0.0 0.0 0.0 0.0 0.0 0.0 0.0 0.0 0.0 0.0 0.0 0.0 0.0 0.0 0.0 0.0 0.0 0.0 0.0 0.0 0.0 0.0 0.0 0.0 0.0 0.0 0.0 0.0 0.0 0.0 0.0 0.0 0.0 0.0 0.0 0.0 0.0 0.0 0.0 0.0 0.0 0.0 0.0 0.0 0.0 0.0 0.0 0.0 0.0 0.0 0.0 0.0 0.0 0.0 0.0 0.0 0.0 0.0 0.0 0.0 0.0 0.0 0.0 0.0 0.0 0.0 0.0 0.0 0.0 0.0 0.0 0.0 0.0 0.0 0.0 0.0 0.0 0.0 0.0 0.0 0.0 0.0 0.0 0.0 0.0 0.0 0.0 0.0 0.0 0.0 0.0 0.0 0.0 0.0 0.0 0.0 0.0 0.0 0.0 0.0 0.0 0.0 0.0 0.0 0.0 0.0 0.0 0.0 0.0 0.0 0.0 0.0 0.0 0.0 0.0 0.0 0.0 0.0 0.0 0.0 0.0 0.0 0.0 0.0 0.0 0.0 0.0 0.0 0.0 0.0 0.0 0.0 0.0 0.0 0.0 0.0 0.0 0.0 0.0 0.0 0.0 0.0 0.0 0.0 0.0 0.0 0.0 0.0 0.0 0.0 0.0 0.0 0.0 0.0 0.0 0.0 0.0 0.0 0.0 0.0 0.0 0.0 0.0 0.0 0.0 0.0 0.0 0.0 0.0 0.0 0.0 0.0 0.0 0.0 0.0 0.0 0.0 0.0 0.0 0.0 0.0 0.0 0.0 0.0 0.0 0.0 0.0 0.0 0.0 0.0 0.0 0.0 0.0 0.0 0.0 0.0 0.0 0.0 0.0 0.0 0.0 0.0 0.0 0.0 0.0 0.0 0.0 0.0 0.0 0.0 0.0 0.0 0.0 0.0 0.0 0.0 0.0 0.0 0.0 0.0 0.0 0.0 0.0 0.0 0.0 0.0 0.0 0.0 0.0 0.0 0.0 0.0 0.0 0.0 0.0 0.0 0.0 0.0 0.0 0.0 0.0 0.0 0.0 0.0 0.0 0.0 0.0 0.0 0.0 0.0 0.0 0.0 0.0 0.0 0.0 0.0 0.0 0.0 0.0 0.0 0.0 0.0 0.0 0.0 0.0 0.0 0.0 0.0 0.0 0.0 0.0 0.0 0.0 0.0 0.0 0.0 0.0 0.0 0.0 0.0 0.0 0.0 0.0 0.0 0.0 0.0 0.0 0.0 0.0 0.0 0.0 0.0 0.0 0.0 0.0 0.0 0.0 0.0 0.0 0.0 0.0 0.0 0.0 0.0 0.0 0.0 0.0 0.0 0.0 0.0 0.0 0.0 0.0 0.0 0.0 0.0 0.0 0.0 0.0 0.0 0.0 0.0 0.0 0.0 0.0 0.0 0.0 0.0 0.0 0.0 0.0 0.0 0.0 0.0 0.0 0.0 0.0 0.0 0.0 0.0 0.0 0.0 0.0 0.0 0.0 0.0 0.0 0.0 0.0 0.0 0.0 0.0 0.0 0.0 0.0 0.0 0.0 0.0 0.0 0.0 0.0 0.0 0.0 0.0 0.0 0.0 0.0 0.0 0.0 0.0 0.0 0.0 0.0 0.0 0.0 0.0 0.0 0.0 0.0 0.0 0.0 0.0 0.0 0.0 0.0 0.0 0.0 0.0 0.0 0.0 0.0 0.0 0.0 0.0 0.0 0.0 0.0 0.0 0.0 0.0 0.0 0.0 0.0 0.0 0.0 0.0 0.0 0.0 0.0 0.0 0.0 0.0 0.0 0.0 0.0 0.0 0.0 0.0 0.0 0.0 0.0 0.0 0.0 0.0 0.0 0.0 0.0 0.0 0.0 0.0 0.0 0.0 0.0 0.0 0.0 0.0 0.0 0.0 0.0 0.0 0.0 0.0 0.0 0.0 0.0 0.0 0.0 0.0 0.0 0.0 0.0 0.0 0.0 0.0 0.0 0.0 0.0 0.0 0.0 0.0 0.0 0.0 0.0 0.0 0.0 0.0 0.0 0.0 0.0 0.0 0.0 0.0 0.0 0.0 0.0 0.0 0.0 0.0 0.0 0.0 0.0 0.0 0.0 0.0 0.0 0.0 0.0 0.0 0.0 0.0 0.0 0.0 0.0 0.0 0.0 0.0 0.0 0.0 0.0 0.0 0.0 0.0 0.0
## eigenvalues of T0123h imag max 0.0
## np.allclose(T0123v,T0123v.T,rtol=1e-6,atol=1e-6) False
## eigenvalues of T0123v abs 1.0627616496674344 0.4141617026739771 0.3424078298317338 0.24491312165270138 0.14878066590977831 0.13496094676807233 0.12700095491925237 0.0925548934249104 0.09014388993895381 0.08077399710535342 0.07745076759535172 0.05241376928913825 0.05189263758619243 0.04320319021244433 0.03994038736789559 0.03932478781996317 0.03924873283613122 0.038933354353154 0.03032004983819039 0.02876738169350138 0.025193111134041272 0.024655491799964374 0.024594520428215413 0.023678685546627363 0.020324780772581146 0.01953675719115278 0.01939529220832006 0.019034556173172842 0.017698590859803433 0.01725863717166224 0.01437765470738626 0.014339877088239066 0.013907654293679239 0.012851211578944312 0.01188861998221585 0.011118553958522083 0.010959531807954559 0.010539587569984524 0.010509497295367943 0.010248870104858468 0.010193267884995423 0.010021022968552638 0.009374258547325 0.008490933902677009 0.008246913419660669 0.007705044806067924 0.007504016668929307 0.007335034303251738 0.007284643544937248 0.006696314519339318 0.006618645180345125 0.0063183910151868704 0.0062535390912726455 0.005961911094743618 0.005496280008867963 0.005224771707641434 0.005112680978795806 0.005068600189232712 0.004949797143376283 0.004937489738271502 0.00467699899677072 0.004471457501338358 0.004287132016057553 0.004274053822812795 0.004206827840349135 0.003956730264596545 0.0038526825359957626 0.003836145208430948 0.0037983689706650495 0.0037491006369272453 0.003744286839967159 0.003515947712301811 0.0034696443465943435 0.0032768654845714614 0.0031882321567392835 0.0029562788721246526 0.002869088927592378 0.0027982623957568745 0.002746198263269506 0.002711391314091193 0.0026450304821109545 0.0025196164240661235 0.002443195743074975 0.002383150244704096 0.0023570936783247837 0.0023117367599899963 0.0022119725505645067 0.002207515938794659 0.002151368969434529 0.002124290767602478 0.0020820208885353017 0.0020777508802205342 0.0020631131247244626 0.001974607331620606 0.0018154652371143002 0.0017694129856513459 0.001744105345822461 0.0016688371377050874 0.0016216052061196308 0.0015815857459647706 0.0015790232796984523 0.0015779420220873972 0.0015546855223687716 0.0015219994364105097 0.0014476399969153833 0.0014034869094693174 0.0013821821970298046 0.0013728396914182038 0.001323807013104597 0.0013147854184265572 0.0012691049931081923 0.001245168975530458 0.0012424422802330614 0.0012255345872309417 0.0012138620050697127 0.0011716664099469289 0.0011492722978498466 0.0011291150941836743 0.0011278914943029276 0.0011160447907633392 0.001093665625163292 0.0010902616906955343 0.0010837402402076898 0.0010828915161635781 0.0010585351353808374 0.0010472800154548028 0.001046259743132373 0.0010349578535471021 0.0009923056188133384 0.0009672756360387081 0.000934701746249122 0.0009246482070620959 0.0009209867338690182 0.0008785393388583726 0.0008415876207044418 0.0008220721298770393 0.0008168986452650722 0.0008079387365866472 0.0007761991319662706 0.000738349594835185 0.0006973875574875525 0.0006956958296854197 0.000691935211343343 0.0006918020690232208 0.0006906816993580318 0.0006683143068553709 0.0006314241684289906 0.0006231099314478309 0.0006229606911389836 0.000605454233072902 0.0005863651131917206 0.0005725950472105471 0.0005560982103755877 0.0005553039091970176 0.0005543503714654252 0.000547222399010646 0.0005429159848953157 0.0005390676579785959 0.0005157389955141546 0.0004984692752522726 0.0004877653813295859 0.00048352398868635324 0.00048249918527581623 0.0004813360726643775 0.0004761438927240965 0.0004728907260141384 0.0004726073366956425 0.00045649833823822216 0.00045225695064159116 0.0004512851480770154 0.00044350883814047186 0.0004401761179933578 0.0004392536470890947 0.00043612522611595077 0.00043442517745194377 0.000416732316718408 0.00040450910715057075 0.0003901426625854137 0.0003895129141848062 0.00038854330736216874 0.00037816564334164316 0.0003781361129756266 0.0003753608783672741 0.00037310366451048175 0.000369203182005377 0.0003611639205051333 0.00034859972625833006 0.0003418379376578498 0.0003409444304243381 0.00033496485641210333 0.00032352883170173836 0.000312962380845195 0.00030926175634056767 0.0003053350439022082 0.00030411343884551484 0.0002951311870355343 0.000293885685233652 0.00029342667907739073 0.00029181208898870705 0.000289673503627008 0.0002892109028333652 0.0002713053762792614 0.00027055066394906656 0.0002692964200046212 0.0002629201126381677 0.0002584899516419458 0.0002553169559543852 0.00025214947903361243 0.0002455533528787758 0.00024467207016877116 0.0002387855304578635 0.0002343161705938469 0.00022654679675729544 0.00022548791211225103 0.00022532325006531664 0.00022400007303851306 0.00021876120241076587 0.0002179404845779978 0.00021267422530623189 0.00020825847290064774 0.00020757879957076326 0.00020637540766083842 0.00020599723591087414 0.00020297114042863203 0.00020097844534446743 0.00019998682347859023 0.0001991992843395184 0.00018942067345033544 0.00018177508267335703 0.00018151540286609531 0.0001810398301044472 0.0001790589897665381 0.00017057585743567561 0.000167822055398841 0.0001661092360765498 0.00016382034028338205 0.00016077737063404683 0.0001604112941432633 0.00015905865433685123 0.00015738766916742936 0.0001564418614126909 0.00015521096835856022 0.00015430921940789148 0.0001533207831470581 0.0001516507624729717 0.000148547645913283 0.0001470020289709312 0.00014643426479388536 0.0001455531798791786 0.00014388671972770611 0.00014138769145978793 0.00013846325613570422 0.00013455117984339975 0.00013238632362050774 0.0001319110605833098 0.00012996491605041108 0.00012879395388229678 0.00012752790535306444 0.00011919411704900066 0.00011916910348626201 0.00011858588002484269 0.00011754165797499538 0.00011707156056248875 0.00011706432324668784 0.00011611950498422947 0.00011549650861632017 0.00011326004200574499 0.00010900229184319947 0.00010839202300872308 0.00010736316439828738 0.00010346027799332248 0.00010280669673764791 0.0001026010679761717 0.0001021909668313822 9.993811028211168e-05 9.950030279110543e-05 9.745759599354668e-05 9.657618707738966e-05 9.532488079579928e-05 9.438492056407263e-05 9.051678330604282e-05 8.705659118959556e-05 8.657152888071802e-05 8.532155220059413e-05 8.521489660434691e-05 8.330743354613409e-05 8.317829869509663e-05 8.109016770292151e-05 7.859908442133357e-05 7.849672032396646e-05 7.778901274727354e-05 7.773445334727865e-05 7.765554370484243e-05 7.644209504078645e-05 7.62354825270872e-05 7.469130503233712e-05 7.446475570265461e-05 7.434217954589488e-05 7.313157740898676e-05 7.295513476739795e-05 7.232936330523161e-05 7.204051553701952e-05 6.837609545160308e-05 6.699279227991195e-05 6.517368697052007e-05 6.464547947102169e-05 6.3359663974862e-05 6.332254619373049e-05 6.328419649460936e-05 6.311269913714523e-05 6.306217423794806e-05 6.294940893076312e-05 5.951225045629896e-05 5.929926572427638e-05 5.898104431644185e-05 5.66716717783269e-05 5.5612968641009425e-05 5.536846257932308e-05 5.524688725125231e-05 5.522057917163193e-05 5.353849741070297e-05 5.340605827214213e-05 5.26516372981599e-05 5.228252719869618e-05 5.2082190921147476e-05 5.1356857352000254e-05 5.0071881022838236e-05 5.005239851693044e-05 4.9465263364415754e-05 4.9382080079934155e-05 4.8834062736810234e-05 4.7855497257705405e-05 4.7467289912132466e-05 4.599038878207931e-05 4.563523340397789e-05 4.5570420160834204e-05 4.497572569130407e-05 4.468556149715651e-05 4.335492176496383e-05 4.2946410671759496e-05 4.2100076797970354e-05 4.173925929074259e-05 4.120595609328378e-05 4.087820346360522e-05 4.070333573446365e-05 4.050156162223354e-05 4.009817993770476e-05 3.921121694960258e-05 3.8965298944586496e-05 3.816979096833401e-05 3.781000718641122e-05 3.6645453321512685e-05 3.5518354537031956e-05 3.546518533480232e-05 3.5009489083967475e-05 3.469543615051478e-05 3.3552559943685636e-05 3.258621854216736e-05 3.145239858449697e-05 3.124172132225714e-05 3.082323337389427e-05 3.049283962349699e-05 3.03711486930739e-05 2.9766402323280965e-05 2.956855321491681e-05 2.9518144685412706e-05 2.9245353211452486e-05 2.921274000914028e-05 2.8986964409479732e-05 2.8696132980817683e-05 2.852490539345145e-05 2.846017418558458e-05 2.8303546877596922e-05 2.8200123913658693e-05 2.8019263453268594e-05 2.7958874398881313e-05 2.7430453740854517e-05 2.7306869056733812e-05 2.659697948090412e-05 2.6497875504329557e-05 2.6140607716838495e-05 2.5572232349722113e-05 2.5261381150254266e-05 2.52127226056324e-05 2.5076852304568622e-05 2.4495424109303003e-05 2.433450637138856e-05 2.406040774975682e-05 2.4019977906550972e-05 2.3416252545789095e-05 2.331172846331032e-05 2.32408268005787e-05 2.2678931477625933e-05 2.254488252761022e-05 2.2515013687423726e-05 2.235312261856859e-05 2.1408288107848687e-05 2.056620472124597e-05 2.0089887177120586e-05 1.9970686233409805e-05 1.9420487607706196e-05 1.8992129814290092e-05 1.892153028991171e-05 1.8706501434519558e-05 1.827491483541653e-05 1.813817720068346e-05 1.808727574301251e-05 1.7504586059635538e-05 1.7438582751239125e-05 1.7380086850103152e-05 1.7211131889757496e-05 1.7027371980663233e-05 1.6543591245058863e-05 1.647428315513301e-05 1.646952503040835e-05 1.600620974627532e-05 1.5926238752099823e-05 1.5781536419559905e-05 1.5720110125651628e-05 1.5367584872503073e-05 1.4849556455429997e-05 1.4797348710178968e-05 1.464546830638984e-05 1.4611045711208205e-05 1.438917786852325e-05 1.3977900887579368e-05 1.3885838751254093e-05 1.32216271488531e-05 1.3141961509000962e-05 1.3107068755454372e-05 1.3069710107523892e-05 1.3000052587591754e-05 1.2650930747087513e-05 1.2201566099977596e-05 1.205707087719543e-05 1.1905395425777327e-05 1.180843609514607e-05 1.1722878133955542e-05 1.1698569242361241e-05 1.1527855786120144e-05 1.1493953049394328e-05 1.1437815899232908e-05 1.1290684140133969e-05 1.124725313351513e-05 1.1137246873683445e-05 1.1021915809859393e-05 1.094120432677068e-05 1.0631874014891808e-05 1.054328237748821e-05 1.03925406504463e-05 1.0153515222578735e-05 9.943095157637085e-06 9.751370146103198e-06 9.74886251203343e-06 9.677216543809838e-06 9.637383750438235e-06 9.564886922930683e-06 9.447787334526187e-06 9.37557492205422e-06 9.3527132979354e-06 9.34499174665304e-06 9.194761246416215e-06 9.165058260019513e-06 9.028974192132162e-06 8.869520430331132e-06 8.808191759227723e-06 8.780282419209555e-06 8.771246607858796e-06 8.713701836770356e-06 8.449039716385718e-06 8.412131430801697e-06 8.11048607636652e-06 7.999557133538049e-06 7.803057192127832e-06 7.773545749428652e-06 7.71446928276287e-06 7.5879020121712784e-06 7.559568858405292e-06 7.42897598127534e-06 7.330075560902643e-06 7.2621416771924414e-06 7.178288166669023e-06 7.173291735732622e-06 6.913186438766226e-06 6.8394616791062365e-06 6.801815274421023e-06 6.762015304535069e-06 6.761771054417196e-06 6.631811318539182e-06 6.5569160645515875e-06 6.446941794043213e-06 6.349189758605379e-06 6.335517708777618e-06 6.06111078410777e-06 6.006681104139426e-06 6.003200881829854e-06 5.665257580795405e-06 5.4077381013654845e-06 5.347827456840996e-06 5.244849193844412e-06 5.17311572499799e-06 5.113717149380189e-06 5.093125593653773e-06 5.043724457550792e-06 4.969216095710674e-06 4.852918296718056e-06 4.743278027911559e-06 4.6983194794713734e-06 4.6510706718220525e-06 4.604998368572143e-06 4.602258887229826e-06 4.347268173027322e-06 4.3454825705123264e-06 4.3085237690987925e-06 4.223822564818314e-06 4.170772518746217e-06 4.159305012994564e-06 4.1380806963070085e-06 4.133136284145246e-06 4.132114798294663e-06 4.127456064604844e-06 4.090498836561635e-06 3.985746035307994e-06 3.962231250863678e-06 3.868617420849643e-06 3.860472337928285e-06 3.856042591746676e-06 3.8254146374167905e-06 3.7496210849349866e-06 3.7085460275795704e-06 3.583230490056244e-06 3.553882884018713e-06 3.5483274251704296e-06 3.4484237046888575e-06 3.427180008296783e-06 3.409218536991559e-06 3.375592655319139e-06 3.348817233578775e-06 3.318018112490254e-06 3.137636493453528e-06 3.131929809320435e-06 3.025872041211127e-06 2.9651872508995085e-06 2.9600250218704755e-06 2.9483317516392967e-06 2.9358098255467236e-06 2.8765762733060736e-06 2.735560223510282e-06 2.7292280789176798e-06 2.644062255402354e-06 2.623145122279674e-06 2.6135754871071035e-06 2.609425473420476e-06 2.566398078883398e-06 2.423607348104904e-06 2.4231420075523237e-06 2.4204661926803455e-06 2.34704637518372e-06 2.2955149038286784e-06 2.252734151933404e-06 2.2489152525303185e-06 2.245224425103035e-06 2.182404037557104e-06 2.1764286666599382e-06 2.158285207202853e-06 2.094320435099325e-06 2.0524146731053914e-06 1.9890394861217794e-06 1.9733209831715096e-06 1.9706777023564825e-06 1.934434226793403e-06 1.9031300018456209e-06 1.8848773687797758e-06 1.861640848178723e-06 1.8610019186379353e-06 1.8034678953832243e-06 1.7875390706390498e-06 1.750428810116229e-06 1.742288607744378e-06 1.73182529900574e-06 1.710511898573233e-06 1.6270908879506765e-06 1.609668677627282e-06 1.5912374288834642e-06 1.5849598393861017e-06 1.5775081909260503e-06 1.5614801235490177e-06 1.5566197844640195e-06 1.5476182251276853e-06 1.5241846949428372e-06 1.5237053381534652e-06 1.4425294715899187e-06 1.405796945524288e-06 1.4046504965347684e-06 1.2959321399327876e-06 1.2829424308609984e-06 1.2559721583879173e-06 1.2332872555010326e-06 1.1908209552904124e-06 1.1699784781456415e-06 1.1698437834780623e-06 1.1392967391893063e-06 1.1052472806810365e-06 1.0972834817133474e-06 1.095082030991566e-06 1.079586306829349e-06 1.0723878902364279e-06 9.209699700314635e-07 9.209691305214955e-07 9.046528887299765e-07 8.597750478408828e-07 8.585864509501933e-07 8.544029446777191e-07 8.510996680110392e-07 8.404531302467144e-07 8.190128390865167e-07 8.176248142666853e-07 8.085087718714866e-07 8.070011883632297e-07 8.062756728335072e-07 7.922467664165429e-07 7.828844275936902e-07 7.733701474256978e-07 7.580228851693492e-07 7.276947540350727e-07 7.22515174896796e-07 7.05435172182463e-07 7.037297751546349e-07 6.974794709118712e-07 6.895296136979324e-07 6.871665830088871e-07 6.7569545786815e-07 6.218304436269706e-07 6.174209154862111e-07 6.158184337693223e-07 5.84451635185834e-07 5.813722945645272e-07 5.765418561382355e-07 5.435457362354009e-07 5.392350523255383e-07 5.302167494426286e-07 5.191333070382194e-07 5.170683663451185e-07 4.958108605411925e-07 4.3402723086032955e-07 4.3108651550683364e-07 4.3044606944460413e-07 4.3024108702608977e-07 4.0877240911766646e-07 4.061881662525174e-07 3.9564447916796283e-07 3.955394512175712e-07 3.439533632689676e-07 3.436755204279723e-07 3.1069952598894984e-07 3.031289103576898e-07 3.029845994571258e-07 2.8289821258895286e-07 2.8038515489617815e-07 2.77137615447693e-07 2.764518227047993e-07 2.7279964143020187e-07 2.7251804941538567e-07 2.6839000935287945e-07 2.6819569665553355e-07 2.65595562176116e-07 2.647462395548958e-07 2.6399449953045304e-07 2.6387957452955223e-07 2.617262631666243e-07 2.607552594656974e-07 2.543840277556023e-07 2.443546275374048e-07 2.416422441062205e-07 2.416042211036651e-07 2.398095358383228e-07 2.3742965415095397e-07 2.3541792887965115e-07 2.304641666295022e-07 1.6514236687256235e-07 1.6513010758719129e-07 1.5841925943447477e-07 1.5801964482433203e-07 1.489555508375923e-07 1.4677600036905203e-07 1.4115687904416036e-07 1.4042384815205352e-07 1.319572523243442e-07 1.319291482064773e-07 1.056432470588435e-07 1.038075529361277e-07 1.0333774110956035e-07 1.025000899008695e-07 9.543842554299176e-08 9.310008888368541e-08 9.242199501810938e-08 9.230390675426696e-08 8.899576519685483e-08 8.881385966729589e-08 8.782830494968155e-08 8.759108912986751e-08 8.744192772451752e-08 7.173000815923802e-08 7.155033409164916e-08 6.548985566506738e-08 6.430161013872088e-08 6.41685258347967e-08 6.301852483493013e-08 6.291041695387084e-08 5.3977284268217554e-08 4.90830420406857e-08 4.9072202502446434e-08 3.644799189758443e-08 3.5509749011462044e-08 3.288498378993143e-08 3.201835942540826e-08 2.535144510915615e-08 2.4837459572117575e-08 2.4188584142425558e-08 2.414196149834654e-08 2.2484522478231353e-08 2.228313025402403e-08 1.3473263191504195e-08 1.3432688579194019e-08 8.52812426507323e-09 8.528074823411993e-09 8.524334593542803e-09 8.511825768477592e-09 1.997988661392711e-09
## eigenvalues of T0123v real 1.0627616496674344 0.4141617026739771 0.3424078298317338 0.24491312165270138 0.14878066590977831 0.13496094676807233 0.12700095491925237 0.0925548934249104 0.09014388993895381 0.08077399710535342 0.07745076759535172 0.05241376928913825 0.05189263758619243 0.04320319021244433 0.03994038736789559 0.03932478781996317 0.03924873283613122 0.038933354353154 0.03032004983819039 0.02876738169350138 0.025193111134041272 0.024655491799964374 0.024594520428215413 0.023678685546627363 0.020324780772581146 0.01953675719115278 0.01939529220832006 0.019034556173172842 0.017698590859803433 0.01725863717166224 0.01437765470738626 0.014339877088239066 0.013907654293679239 0.012851211578944312 0.01188861998221585 0.011118553958522083 0.010959531807954559 0.010539587569984524 0.010509497295367943 0.010248870104858468 0.010193267884995423 0.010021022968552638 0.009374258547325 0.008490933902677009 0.008246913419660669 0.007705044806067924 0.007504016668929307 0.007335034303251738 0.007284643544937248 0.006696314519339318 0.006618645180345125 0.0063183910151868704 0.0062535390912726455 0.005961911094743618 0.005496280008867963 0.005224771707641434 0.005112680978795806 0.005068600189232712 0.004949797143376283 0.004937489738271502 0.00467699899677072 0.004471457501338358 0.004287132016057553 0.004274053822812795 0.004206827840349135 0.003956730264596545 0.0038526825359957626 0.003836145208430948 0.0037983689706650495 0.0037491006369272453 0.003744286839967159 0.003515947712301811 0.0034696443465943435 0.0032768654845714614 0.0031882321567392835 0.0029562788721246526 0.002869088927592378 0.0027982623957568745 0.002746198263269506 0.002711391314091193 0.0026450304821109545 0.0025196164240661235 0.002443195743074975 0.002383150244704096 0.0023570936783247837 0.0023117367599899963 0.0022119725505645067 0.002207515938794659 0.002151368969434529 0.002124290767602478 0.0020820208885353017 0.0020777508802205342 0.0020631131247244626 0.001974607331620606 0.0018154652371143002 0.0017694129856513459 0.001744105345822461 0.0016688371377050874 0.0016216052061196308 0.0015815857459647706 0.0015790232796984523 0.0015779420220873972 0.0015546855223687716 0.0015219994364105097 0.0014476399969153833 0.0014034869094693174 0.0013821821970298046 0.0013728396914182038 0.001323807013104597 0.0013147854184265572 0.0012691049931081923 0.001245168975530458 0.0012424422802330614 0.0012255345872309417 0.0012138620050697127 0.0011716664099469289 0.0011492722978498466 0.0011291150941836743 0.0011278914943029276 0.0011160447907633392 0.001093665625163292 0.0010902616906955343 0.0010837402402076898 0.0010828915161635781 0.0010585351353808374 0.0010472800154548028 0.001046259743132373 0.0010349578535471021 0.0009923056188133384 0.0009672756360387081 0.000934701746249122 0.0009246482070620959 0.0009209867338690182 0.0008785393388583726 0.0008415876207044418 0.0008220721298770393 0.0008168986452650722 0.0008079387365866472 0.0007761991319662706 0.000738349594835185 0.0006973875574875525 0.0006956958296854197 0.000691935211343343 0.0006918020690232208 0.0006906816993580318 0.0006683143068553709 0.0006314241684289906 0.0006231099314478309 0.0006229606911389836 0.000605454233072902 0.0005863651131917206 0.0005725950472105471 0.0005560982103755877 0.0005553039091970176 0.0005543503714654252 0.000547222399010646 0.0005429159848953157 0.0005390676579785959 0.0005157389955141546 0.0004984692752522726 0.0004877653813295859 0.00048352398868635324 0.00048249918527581623 0.0004813360726643775 0.0004761438927240965 0.0004728907260141384 0.0004726073366956425 0.00045649833823822216 0.00045225695064159116 0.0004512851480770154 0.00044350883814047186 0.0004401761179933578 0.0004392536470890947 0.00043612522611595077 0.00043442517745194377 0.000416732316718408 0.00040450910715057075 0.0003901426625854137 0.0003895129141848062 0.00038854330736216874 0.00037816564334164316 0.0003781361129756266 0.0003753608783672741 0.00037310366451048175 0.000369203182005377 0.0003611639205051333 0.00034859972625833006 0.0003418379376578498 0.0003409444304243381 0.00033496485641210333 0.00032352883170173836 0.000312962380845195 0.00030926175634056767 0.0003053350439022082 0.00030411343884551484 0.0002951311870355343 0.000293885685233652 0.00029342667907739073 0.00029181208898870705 0.000289673503627008 0.0002892109028333652 0.0002713053762792614 0.00027055066394906656 0.0002692964200046212 0.0002629201126381677 0.0002584899516419458 0.0002553169559543852 0.00025214947903361243 0.0002455533528787758 0.00024467207016877116 0.0002387855304578635 0.0002343161705938469 0.00022654679675729544 0.00022548791211225103 0.00022532325006531664 0.00022400007303851306 0.00021876120241076587 0.0002179404845779978 0.00021267422530623189 0.00020825847290064774 0.00020757879957076326 0.00020637540766083842 0.00020599723591087414 0.00020297114042863203 0.00020097844534446743 0.00019998682347859023 0.0001991992843395184 0.00018942067345033544 0.00018177508267335703 0.00018151540286609531 0.0001810398301044472 0.0001790589897665381 0.00017057585743567561 0.000167822055398841 0.0001661092360765498 0.00016382034028338205 0.00016077737063404683 0.0001604112941432633 0.00015905865433685123 0.00015738766916742936 0.0001564418614126909 0.00015521096835856022 0.00015430921940789148 0.0001533207831470581 0.0001516507624729717 0.000148547645913283 0.0001470020289709312 0.00014643426479388536 0.0001455531798791786 0.00014388671972770611 0.00014138769145978793 0.00013846325613570422 0.00013455117984339975 0.00013238632362050774 0.0001319110605833098 0.00012996491605041108 0.00012879395388229678 0.00012752790535306444 0.00011919411704900066 0.00011916910348626201 0.00011858588002484269 0.00011754165797499538 0.00011707156056248875 0.00011706432324668784 0.00011611950498422947 0.00011549650861632017 0.00011326004200574499 0.00010900229184319947 0.00010839202300872308 0.00010736316439828738 0.00010346027799332248 0.00010280669673764791 0.0001026010679761717 0.0001021909668313822 9.993811028211168e-05 9.950030279110543e-05 9.745759599354668e-05 9.657618707738966e-05 9.532488079579928e-05 9.438492056407263e-05 9.051678330604282e-05 8.705659118959556e-05 8.657152888071802e-05 8.532155220059413e-05 8.521489660434691e-05 8.330743354613409e-05 8.317829869509663e-05 8.109016770292151e-05 7.859908442133357e-05 7.849672032396646e-05 7.778901274727354e-05 7.773445334727865e-05 7.765554370484243e-05 7.644209504078645e-05 7.62354825270872e-05 7.469130503233712e-05 7.446475570265461e-05 7.434217954589488e-05 7.313157740898676e-05 7.295513476739795e-05 7.232936330523161e-05 7.204051553701952e-05 6.837609545160308e-05 6.699279227991195e-05 6.517368697052007e-05 6.464547947102169e-05 6.3359663974862e-05 6.332254619373049e-05 6.328419649460936e-05 6.311269913714523e-05 6.306217423794806e-05 6.294940893076312e-05 5.951225045629896e-05 5.929926572427638e-05 5.898104431644185e-05 5.66716717783269e-05 5.5612968641009425e-05 5.536846257932308e-05 5.524688725125231e-05 5.522057917163193e-05 5.353849741070297e-05 5.340605827214213e-05 5.26516372981599e-05 5.228252719869618e-05 5.2082190921147476e-05 5.1356857352000254e-05 5.0071881022838236e-05 5.005239851693044e-05 4.9465263364415754e-05 4.9382080079934155e-05 4.8834062736810234e-05 4.7855497257705405e-05 4.7467289912132466e-05 4.599038878207931e-05 4.563523340397789e-05 4.5570420160834204e-05 4.497572569130407e-05 4.468556149715651e-05 4.335492176496383e-05 4.2946410671759496e-05 4.2100076797970354e-05 4.173925929074259e-05 4.120595609328378e-05 4.087820346360522e-05 4.070333573446365e-05 4.050156162223354e-05 4.009817993770476e-05 3.921121694960258e-05 3.8965298944586496e-05 3.816979096833401e-05 3.781000718641122e-05 3.6645453321512685e-05 3.5518354537031956e-05 3.546518533480232e-05 3.5009489083967475e-05 3.469543615051478e-05 3.3552559943685636e-05 3.258621854216736e-05 3.145239858449697e-05 3.124172132225714e-05 3.082323337389427e-05 3.049283962349699e-05 3.03711486930739e-05 2.9766402323280965e-05 2.956855321491681e-05 2.9518144685412706e-05 2.9245353211452486e-05 2.921274000914028e-05 2.8986964409479732e-05 2.8696132980817683e-05 2.852490539345145e-05 2.846017418558458e-05 2.8303546877596922e-05 2.8200123913658693e-05 2.8019263453268594e-05 2.7958874398881313e-05 2.7430453740854517e-05 2.7306869056733812e-05 2.659697948090412e-05 2.6497875504329557e-05 2.6140607716838495e-05 2.5572232349722113e-05 2.5261381150254266e-05 2.52127226056324e-05 2.5076852304568622e-05 2.4495424109303003e-05 2.433450637138856e-05 2.406040774975682e-05 2.4019977906550972e-05 2.3416252545789095e-05 2.331172846331032e-05 2.32408268005787e-05 2.2678931477625933e-05 2.254488252761022e-05 2.2515013687423726e-05 2.235312261856859e-05 2.1408288107848687e-05 2.056620472124597e-05 2.0089887177120586e-05 1.9970686233409805e-05 1.9420487607706196e-05 1.8992129814290092e-05 1.892153028991171e-05 1.8706501434519558e-05 1.827491483541653e-05 1.813817720068346e-05 1.808727574301251e-05 1.7504586059635538e-05 1.7438582751239125e-05 1.7380086850103152e-05 1.7211131889757496e-05 1.7027371980663233e-05 1.6543591245058863e-05 1.647428315513301e-05 1.646952503040835e-05 1.600620974627532e-05 1.5926238752099823e-05 1.5781536419559905e-05 1.5720110125651628e-05 1.5367584872503073e-05 1.4849556455429997e-05 1.4797348710178968e-05 1.464546830638984e-05 1.4611045711208205e-05 1.438917786852325e-05 1.3977900887579368e-05 1.3885838751254093e-05 1.32216271488531e-05 1.3141961509000962e-05 1.3107068755454372e-05 1.3069710107523892e-05 1.3000052587591754e-05 1.2650930747087513e-05 1.2201566099977596e-05 1.205707087719543e-05 1.1905395425777327e-05 1.180843609514607e-05 1.1722878133955542e-05 1.1698569242361241e-05 1.1527855786120144e-05 1.1493953049394328e-05 1.1437815899232908e-05 1.1290684140133969e-05 1.124725313351513e-05 1.1137246873683445e-05 1.1021915809859393e-05 1.094120432677068e-05 1.0631874014891808e-05 1.054328237748821e-05 1.03925406504463e-05 1.0153515222578735e-05 9.943095157637085e-06 9.751370146103198e-06 9.74886251203343e-06 9.677216543809838e-06 9.637383750438235e-06 9.564886922930683e-06 9.447787334526187e-06 9.37557492205422e-06 9.3527132979354e-06 9.34499174665304e-06 9.194761246416215e-06 9.165058260019513e-06 9.028974192132162e-06 8.869520430331132e-06 8.808191759227723e-06 8.780282419209555e-06 8.771246607858796e-06 8.713701836770356e-06 8.449039716385718e-06 8.412131430801697e-06 8.11048607636652e-06 7.999557133538049e-06 7.803057192127832e-06 7.773545749428652e-06 7.71446928276287e-06 7.5879020121712784e-06 7.559568858405292e-06 7.42897598127534e-06 7.330075560902643e-06 7.2621416771924414e-06 7.178288166669023e-06 7.173291735732622e-06 6.913186438766226e-06 6.8394616791062365e-06 6.801815274421023e-06 6.762015304535069e-06 6.761771054417196e-06 6.631811318539182e-06 6.5569160645515875e-06 6.446941794043213e-06 6.349189758605379e-06 6.335517708777618e-06 6.06111078410777e-06 6.006681104139426e-06 6.003200881829854e-06 5.665257580795405e-06 5.4077381013654845e-06 5.347827456840996e-06 5.244849193844412e-06 5.17311572499799e-06 5.113717149380189e-06 5.093125593653773e-06 5.043724457550792e-06 4.969216095710674e-06 4.852918296718056e-06 4.743278027911559e-06 4.6983194794713734e-06 4.6510706718220525e-06 4.604998368572143e-06 4.602258887229826e-06 4.347268173027322e-06 4.3454825705123264e-06 4.3085237690987925e-06 4.223822564818314e-06 4.170772518746217e-06 4.159305012994564e-06 4.1380806963070085e-06 4.133136284145246e-06 4.132114798294663e-06 4.127456064604844e-06 4.090498836561635e-06 3.985746035307994e-06 3.962231250863678e-06 3.868617420849643e-06 3.860472337928285e-06 3.856042591746676e-06 3.8254146374167905e-06 3.7496210849349866e-06 3.7085460275795704e-06 3.583230490056244e-06 3.553882884018713e-06 3.5483274251704296e-06 3.4484237046888575e-06 3.427180008296783e-06 3.409218536991559e-06 3.375592655319139e-06 3.348817233578775e-06 3.318018112490254e-06 3.137636493453528e-06 3.131929809320435e-06 3.025872041211127e-06 2.9651872508995085e-06 2.9600250218704755e-06 2.9483317516392967e-06 2.9358098255467236e-06 2.8765762733060736e-06 2.735560223510282e-06 2.7292280789176798e-06 2.644062255402354e-06 2.623145122279674e-06 2.6135754871071035e-06 2.609425473420476e-06 2.566398078883398e-06 2.423607348104904e-06 2.4231420075523237e-06 2.4204661926803455e-06 2.34704637518372e-06 2.2955149038286784e-06 2.252734151933404e-06 2.2489152525303185e-06 2.245224425103035e-06 2.182404037557104e-06 2.1764286666599382e-06 2.158285207202853e-06 2.094320435099325e-06 2.0524146731053914e-06 1.9890394861217794e-06 1.9733209831715096e-06 1.9706777023564825e-06 1.934434226793403e-06 1.9031300018456209e-06 1.8848773687797758e-06 1.861640848178723e-06 1.8610019186379353e-06 1.8034678953832243e-06 1.7875390706390498e-06 1.750428810116229e-06 1.742288607744378e-06 1.73182529900574e-06 1.710511898573233e-06 1.6270908879506765e-06 1.609668677627282e-06 1.5912374288834642e-06 1.5849598393861017e-06 1.5775081909260503e-06 1.5614801235490177e-06 1.5566197844640195e-06 1.5476182251276853e-06 1.5241846949428372e-06 1.5237053381534652e-06 1.4425294715899187e-06 1.405796945524288e-06 1.4046504965347684e-06 1.2959321399327876e-06 1.2829424308609984e-06 1.2559721583879173e-06 1.2332872555010326e-06 1.1908209552904124e-06 1.1699784781456415e-06 1.1698437834780623e-06 1.1392967391893063e-06 1.1052472806810365e-06 1.0972834817133474e-06 1.095082030991566e-06 1.079586306829349e-06 1.0723878902364279e-06 9.209699700314635e-07 9.209691305214955e-07 9.046528887299765e-07 8.597750478408828e-07 8.585864509501933e-07 8.544029446777191e-07 8.510996680110392e-07 8.404531302467144e-07 8.190128390865167e-07 8.176248142666853e-07 8.085087718714866e-07 8.070011883632297e-07 8.062756728335072e-07 7.922467664165429e-07 7.828844275936902e-07 7.733701474256978e-07 7.580228851693492e-07 7.276947540350727e-07 7.22515174896796e-07 7.05435172182463e-07 7.037297751546349e-07 6.974794709118712e-07 6.895296136979324e-07 6.871665830088871e-07 6.7569545786815e-07 6.218304436269706e-07 6.174209154862111e-07 6.158184337693223e-07 5.84451635185834e-07 5.813722945645272e-07 5.765418561382355e-07 5.435457362354009e-07 5.392350523255383e-07 5.302167494426286e-07 5.191333070382194e-07 5.170683663451185e-07 4.958108605411925e-07 4.3402723086032955e-07 4.3108651550683364e-07 4.3044606944460413e-07 4.3024108702608977e-07 4.0877240911766646e-07 4.061881662525174e-07 3.9564447916796283e-07 3.955394512175712e-07 3.439533632689676e-07 3.436755204279723e-07 3.1069952598894984e-07 3.031289103576898e-07 3.029845994571258e-07 2.8289821258895286e-07 2.8038515489617815e-07 2.77137615447693e-07 2.764518227047993e-07 2.7279964143020187e-07 2.7251804941538567e-07 2.6839000935287945e-07 2.6819569665553355e-07 2.65595562176116e-07 2.647462395548958e-07 2.6399449953045304e-07 2.6387957452955223e-07 2.617262631666243e-07 2.607552594656974e-07 2.543840277556023e-07 2.443546275374048e-07 2.416422441062205e-07 2.416042211036651e-07 2.398095358383228e-07 2.3742965415095397e-07 2.3541792887965115e-07 2.304641666295022e-07 1.6514236687256235e-07 1.6513010758719129e-07 1.5841925943447477e-07 1.5801964482433203e-07 1.489555508375923e-07 1.4677600036905203e-07 1.4115687904416036e-07 1.4042384815205352e-07 1.319572523243442e-07 1.319291482064773e-07 1.056432470588435e-07 1.038075529361277e-07 1.0333774110956035e-07 1.025000899008695e-07 9.543842554299176e-08 9.310008888368541e-08 9.242199501810938e-08 9.230390675426696e-08 8.899576519685483e-08 8.881385966729589e-08 8.782830494968155e-08 8.759108912986751e-08 8.744192772451752e-08 7.173000815923802e-08 7.155033409164916e-08 6.548985566506738e-08 6.430161013872088e-08 6.41685258347967e-08 6.301852483493013e-08 6.291041695387084e-08 5.3977284268217554e-08 4.90830420406857e-08 4.9072202502446434e-08 3.644799189758443e-08 3.5509749011462044e-08 3.288498378993143e-08 3.201835942540826e-08 2.535144510915615e-08 2.4837459572117575e-08 2.4188584142425558e-08 2.414196149834654e-08 2.2484522478231353e-08 2.228313025402403e-08 1.3473263191504195e-08 1.3432688579194019e-08 8.52812426507323e-09 8.528074823411993e-09 8.524334593542803e-09 8.511825768477592e-09 1.997988661392711e-09
## eigenvalues of T0123v imag 0.0 0.0 0.0 0.0 0.0 0.0 0.0 0.0 0.0 0.0 0.0 0.0 0.0 0.0 0.0 0.0 0.0 0.0 0.0 0.0 0.0 0.0 0.0 0.0 0.0 0.0 0.0 0.0 0.0 0.0 0.0 0.0 0.0 0.0 0.0 0.0 0.0 0.0 0.0 0.0 0.0 0.0 0.0 0.0 0.0 0.0 0.0 0.0 0.0 0.0 0.0 0.0 0.0 0.0 0.0 0.0 0.0 0.0 0.0 0.0 0.0 0.0 0.0 0.0 0.0 0.0 0.0 0.0 0.0 0.0 0.0 0.0 0.0 0.0 0.0 0.0 0.0 0.0 0.0 0.0 0.0 0.0 0.0 0.0 0.0 0.0 0.0 0.0 0.0 0.0 0.0 0.0 0.0 0.0 0.0 0.0 0.0 0.0 0.0 0.0 0.0 0.0 0.0 0.0 0.0 0.0 0.0 0.0 0.0 0.0 0.0 0.0 0.0 0.0 0.0 0.0 0.0 0.0 0.0 0.0 0.0 0.0 0.0 0.0 0.0 0.0 0.0 0.0 0.0 0.0 0.0 0.0 0.0 0.0 0.0 0.0 0.0 0.0 0.0 0.0 0.0 0.0 0.0 0.0 0.0 0.0 0.0 0.0 0.0 0.0 0.0 0.0 0.0 0.0 0.0 0.0 0.0 0.0 0.0 0.0 0.0 0.0 0.0 0.0 0.0 0.0 0.0 0.0 0.0 0.0 0.0 0.0 0.0 0.0 0.0 0.0 0.0 0.0 0.0 0.0 0.0 0.0 0.0 0.0 0.0 0.0 0.0 0.0 0.0 0.0 0.0 0.0 0.0 0.0 0.0 0.0 0.0 0.0 0.0 0.0 0.0 0.0 0.0 0.0 0.0 0.0 0.0 0.0 0.0 0.0 0.0 0.0 0.0 0.0 0.0 0.0 0.0 0.0 0.0 0.0 0.0 0.0 0.0 0.0 0.0 0.0 0.0 0.0 0.0 0.0 0.0 0.0 0.0 0.0 0.0 0.0 0.0 0.0 0.0 0.0 0.0 0.0 0.0 0.0 0.0 0.0 0.0 0.0 0.0 0.0 0.0 0.0 0.0 0.0 0.0 0.0 0.0 0.0 0.0 0.0 0.0 0.0 0.0 0.0 0.0 0.0 0.0 0.0 0.0 0.0 0.0 0.0 0.0 0.0 0.0 0.0 0.0 0.0 0.0 0.0 0.0 0.0 0.0 0.0 0.0 0.0 0.0 0.0 0.0 0.0 0.0 0.0 0.0 0.0 0.0 0.0 0.0 0.0 0.0 0.0 0.0 0.0 0.0 0.0 0.0 0.0 0.0 0.0 0.0 0.0 0.0 0.0 0.0 0.0 0.0 0.0 0.0 0.0 0.0 0.0 0.0 0.0 0.0 0.0 0.0 0.0 0.0 0.0 0.0 0.0 0.0 0.0 0.0 0.0 0.0 0.0 0.0 0.0 0.0 0.0 0.0 0.0 0.0 0.0 0.0 0.0 0.0 0.0 0.0 0.0 0.0 0.0 0.0 0.0 0.0 0.0 0.0 0.0 0.0 0.0 0.0 0.0 0.0 0.0 0.0 0.0 0.0 0.0 0.0 0.0 0.0 0.0 0.0 0.0 0.0 0.0 0.0 0.0 0.0 0.0 0.0 0.0 0.0 0.0 0.0 0.0 0.0 0.0 0.0 0.0 0.0 0.0 0.0 0.0 0.0 0.0 0.0 0.0 0.0 0.0 0.0 0.0 0.0 0.0 0.0 0.0 0.0 0.0 0.0 0.0 0.0 0.0 0.0 0.0 0.0 0.0 0.0 0.0 0.0 0.0 0.0 0.0 0.0 0.0 0.0 0.0 0.0 0.0 0.0 0.0 0.0 0.0 0.0 0.0 0.0 0.0 0.0 0.0 0.0 0.0 0.0 0.0 0.0 0.0 0.0 0.0 0.0 0.0 0.0 0.0 0.0 0.0 0.0 0.0 0.0 0.0 0.0 0.0 0.0 0.0 0.0 0.0 0.0 0.0 0.0 0.0 0.0 0.0 0.0 0.0 0.0 0.0 0.0 0.0 0.0 0.0 0.0 0.0 0.0 0.0 0.0 0.0 0.0 0.0 0.0 0.0 0.0 0.0 0.0 0.0 0.0 0.0 0.0 0.0 0.0 0.0 0.0 0.0 0.0 0.0 0.0 0.0 0.0 0.0 0.0 0.0 0.0 0.0 0.0 0.0 0.0 0.0 0.0 0.0 0.0 0.0 0.0 0.0 0.0 0.0 0.0 0.0 0.0 0.0 0.0 0.0 0.0 0.0 0.0 0.0 0.0 0.0 0.0 0.0 0.0 0.0 0.0 0.0 0.0 0.0 0.0 0.0 0.0 0.0 0.0 0.0 0.0 0.0 0.0 0.0 0.0 0.0 0.0 0.0 0.0 0.0 0.0 0.0 0.0 0.0 0.0 0.0 0.0 0.0 0.0 0.0 0.0 0.0 0.0 0.0 0.0 0.0 0.0 0.0 0.0 0.0 0.0 0.0 0.0 0.0 0.0 0.0 0.0 0.0 0.0 0.0 0.0 0.0 0.0 0.0 0.0 0.0 0.0 0.0 0.0 0.0 0.0 0.0 0.0 0.0 0.0 0.0 0.0 0.0 0.0 0.0 0.0 0.0 0.0 0.0 0.0 0.0 0.0 0.0 0.0 0.0 0.0 0.0 0.0 0.0 0.0 0.0 0.0 0.0 0.0 0.0 0.0 0.0 0.0 0.0 0.0 0.0 0.0 0.0 0.0 0.0 0.0 0.0 0.0 0.0 0.0 0.0 0.0 0.0 0.0 0.0 0.0 0.0 0.0 0.0 0.0 0.0 0.0 0.0 0.0 0.0 0.0 0.0 0.0 0.0 0.0 0.0 0.0 0.0 0.0 0.0 0.0 0.0 0.0 0.0 0.0 0.0 0.0 0.0 0.0 0.0 0.0 0.0 0.0 0.0 0.0 0.0 0.0 0.0 0.0 0.0 0.0 0.0 0.0 0.0 0.0 0.0 0.0 0.0 0.0 0.0 0.0 0.0 0.0 0.0 0.0 0.0 0.0 0.0 0.0 0.0 0.0 0.0 0.0 0.0 0.0 0.0 0.0 0.0 0.0 0.0 0.0 0.0 0.0 0.0 0.0 0.0 0.0 0.0 0.0 0.0 0.0 0.0 0.0
## eigenvalues of T0123v imag max 0.0
## hx,i,norm,mx,my,mz,sqrt(sum m^2)  1.55 0 (1.1095203980763362+0j) 0.45969075608463916 0.0 -1.078271921012418e-06 0.4596907560859038
## hx,i,norm,mx,my,mz,sqrt(sum m^2)  1.55 1 (1.1095203980763375+0j) 0.459690756084639 0.0 -1.0782719189110867e-06 0.45969075608590365
## hx,num,norm_x,norm_y,xx[0],xx[1],yy[0],yy[1],zz[0],zz[1]  1.55 0 (1.1644897793009985+0j) (1.1644916258959648+0j) 0.21895614430062446 0.2189543405768561 -0.034877481937302564 -0.03487206305461358 0.05431030095746676 0.05430566976818983
## hx,num,norm_x,norm_y,xx[0],xx[1],yy[0],yy[1],zz[0],zz[1]  1.55 1 (1.164491004432063+0j) (1.1644917033780526+0j) 0.21895516117124236 0.21895460715209653 -0.03487462621690543 -0.03487282773087526 0.05430767221286894 0.05430639508967083
1.55 -0.8211356909452887 0.4596907560859037 -0.05430898658516785 -0.054306032428930326
## hx,mx,mz0mz1 1.55 0.45969075608463905 0.05430750950704909
## time simple update= 9.53674316406e-07
## time full update= 0.0
## time environment= 4.12331008911
## time observable= 0.0906338691711
